LIST
{ = 
MESH
2   8
0.7579059138615393    0    0
0.76651332039993    0.03177568660262966    0
0.7579779866175186    0    0.04538510606666562
0.7665625934501444    0.03169596107004424    0.0446271640792877
0.7581951357729962    0    0.0907318675787886
0.7667110744629495    0.03145571355597267    0.0892281091374536
0.7585602238832991    0    0.1360010995809191
0.7669607985179795    0.03105165122981218    0.1337760186804655
0.7590782673912475    0    0.1811518454941813
0.7673153312677793    0.03047800474002143    0.1782428169567251
0.7597568530207174    0    0.2261402424551481
0.7677800637708247    0.029726051163901    0.2225983631241245
0.7606068345221955    0    0.2709180175572909
0.7683627057880064    0.0287833158364887    0.2668093840957922
0.761643475234047    0    0.3154303394649576
0.7690740946291093    0.02763226360843495    0.3108379510433509
}
{ = 
MESH
3   8
0.7861517593139627    0    0.2661280023229838
0.7738976242448507    -0.01982764615896841    0.2833485453167403
0.769074105124659    -0.02763227943718742    0.3108379445592113
0.757071625106808    0.04705262662452854    0.28229323805774
0.7437062724435042    0.02689203114228158    0.3006908158437836
0.739090346704468    0.01795824204595514    0.3293689073588267
0.7243359492180561    0.1000200415588125    0.301004170404473
0.7098646844645808    0.07985308087092879    0.3204961991622625
0.7055942720601457    0.0696952943227478    0.3500705981219554
0.6872663974684004    0.1599998121193638    0.3227738126187827
0.671726893075355    0.1402129538949691    0.3432333014454127
0.6679544370507728    0.1287523144951528    0.3733332702265169
0.6450165049525545    0.2283615467424957    0.3482776400509785
0.6285096554912128    0.2094205706937072    0.3694984323075352
0.625400542586092    0.1966221502331062    0.3996329939579712
0.5965273548742813    0.3068186081068267    0.3784224389061146
0.579275294822943    0.2892927185164642    0.400056266821622
0.5769998417813672    0.2752223122882413    0.4295462376216213
0.5404835339218083    0.397499378804228    0.4144633058434224
0.5229476209569261    0.3820928662699146    0.435894636965632
0.5216579844253421    0.3670388728418455    0.4637493455224979
0.4753137794988412    0.502946214098463    0.4582362038235173
0.4584672578570311    0.4905491851102674    0.478294998570738
0.4582361416623694    0.4753138842983664    0.502946150726337
}
