OFF
420 400 820
3.7622 0 -2
3.10747 0 -1.8
2.45131 0.79648 -1.6
2.1509 0 -1.4
2.04563 0.664664 -1.4
1.72204 0.559523 -1.2
1.46756 0.476838 -1
1.54308 0 -1
1.18546 0 -0.6
1.08107 0 -0.4
0.970141 0.315218 0.2
1.02007 0 0.2
1.02816 0.33407 0.4
1.12744 0.366329 0.6
1.18546 0 0.6
1.33744 0 0.8
1.27198 0.41329 0.8
1.46756 0.476838 1
1.54308 0 1
1.72204 0.559523 1.2
2.57746 0 1.6
2.45131 0.79648 1.6
3.10747 0 1.8
3.57806 1.16258 2
3.7622 0 2
3.57806 1.16258 -2
2.514 1.82653 -1.8
2.95538 0.960262 -1.8
1.24838 0.907 -1
1.08201 0.786125 -0.8
1.27198 0.41329 -0.8
1.12744 0.366329 -0.6
1.02816 0.33407 -0.4
0.970141 0.315218 -0.2
0.951057 0.309017 0
0.874606 0.635438 0.4
1.08201 0.786125 0.8
1.24838 0.907 1
1.46485 1.06428 1.2
2.04563 0.664664 1.4
2.95538 0.960262 1.8
3.04368 2.21136 2
3.04368 2.21136 -2
1.82653 2.514 -1.8
2.08521 1.515 -1.6
1.515 2.08521 -1.6
1.74011 1.26427 -1.4
1.06428 1.46485 -1.2
1.46485 1.06428 -1.2
0.907 1.24838 -1
0.696799 0.959062 -0.6
0.959062 0.696799 -0.6
0.874606 0.635438 -0.4
0.635438 0.874606 -0.4
0.825251 0.59958 -0.2
0.59958 0.825251 -0.2
0.587785 0.809017 0
0.809017 0.587785 0
0.59958 0.825251 0.2
0.825251 0.59958 0.2
0.635438 0.874606 0.4
0.959062 0.696799 0.6
0.696799 0.959061 0.6
0.786125 1.08201 0.8
1.74011 1.26427 1.4
1.26427 1.74011 1.4
1.515 2.08521 1.6
2.08521 1.515 1.6
2.514 1.82653 1.8
1.82653 2.514 1.8
2.21136 3.04368 2
2.21136 3.04368 -2
1.16258 3.57806 -2
0.960262 2.95538 -1.8
1.26427 1.74011 -1.4
0.559523 1.72204 -1.2
0.786125 1.08201 -0.8
0.41329 1.27198 -0.8
0.33407 1.02816 -0.4
0.315218 0.970141 -0.2
0.33407 1.02816 0.4
0.41329 1.27198 0.8
0.907 1.24838 1
0.476838 1.46756 1
1.06428 1.46485 1.2
0.79648 2.45131 1.6
0 3.10747 -1.8
0.79648 2.45131 -1.6
0 2.57746 -1.6
0.664664 2.04563 -1.4
0 1.81066 -1.2
0 1.54308 -1
0.476838 1.46756 -1
0 1.33744 -0.8
0.366329 1.12744 -0.6
0 1.18546 -0.6
0.309017 0.951057 0
0.315218 0.970141 0.2
0 1.08107 0.4
0.366329 1.12744 0.6
0 1.18546 0.6
0 1.54308 1
0.559523 1.72204 1.2
0.664664 2.04563 1.4
0 2.57746 1.6
0.960262 2.95538 1.8
1.16258 3.57806 2
0 3.7622 -2
-1.16258 3.57806 -2
-0.960262 2.95538 -1.8
0 2.1509 -1.4
-0.476838 1.46756 -1
0 1.08107 -0.4
0 1.02007 -0.2
-0.309017 0.951057 0
0 1 0
0 1.02007 0.2
-0.315218 0.970141 0.2
-0.41329 1.27198 0.8
0 1.33744 0.8
-0.559523 1.72204 1.2
0 1.81066 1.2
-0.664664 2.04563 1.4
0 2.1509 1.4
-0.79648 2.45131 1.6
0 3.10747 1.8
0 3.7622 2
-2.21136 3.04368 -2
-1.82653 2.514 -1.8
-0.79648 2.45131 -1.6
-0.664664 2.04563 -1.4
-0.559523 1.72204 -1.2
-1.06428 1.46485 -1.2
-0.907 1.24838 -1
-0.786125 1.08201 -0.8
-0.41329 1.27198 -0.8
-0.696799 0.959062 -0.6
-0.366329 1.12744 -0.6
-0.33407 1.02816 -0.4
-0.635438 0.874606 -0.4
-0.315218 0.970141 -0.2
-0.587785 0.809017 0
-0.59958 0.825251 0.2
-0.33407 1.02816 0.4
-0.366329 1.12744 0.6
-0.476838 1.46756 1
-1.06428 1.46485 1.2
-1.26427 1.74011 1.4
-0.960262 2.95538 1.8
-2.21136 3.04368 2
-1.16258 3.57806 2
-3.04368 2.21136 -2
-2.08521 1.515 -1.6
-1.515 2.08521 -1.6
-1.26427 1.74011 -1.4
-1.08201 0.786125 -0.8
-0.874606 0.635438 -0.4
-0.59958 0.825251 -0.2
-0.809017 0.587785 0
-0.825251 0.59958 0.2
-0.635438 0.874606 0.4
-0.696799 0.959062 0.6
-0.786124 1.08201 0.8
-0.907 1.24838 1
-1.74011 1.26427 1.4
-2.08521 1.515 1.6
-1.51499 2.08521 1.6
-1.82653 2.514 1.8
-3.57806 1.16258 -2
-2.514 1.82653 -1.8
-2.95538 0.960262 -1.8
-1.74011 1.26427 -1.4
-1.46485 1.06428 -1.2
-1.24838 0.907 -1
-0.959061 0.696799 -0.6
-1.12744 0.366329 -0.6
-0.825251 0.59958 -0.2
-0.970141 0.315218 -0.2
-0.951057 0.309017 0
-0.874606 0.635438 0.4
-1.12744 0.366329 0.6
-0.959061 0.696799 0.6
-1.08201 0.786125 0.8
-1.24838 0.907 1
-1.46485 1.06428 1.2
-1.72204 0.559523 1.2
-2.514 1.82653 1.8
-3.04368 2.21136 2
-3.7622 0 -2
-2.45131 0.79648 -1.6
-2.1509 0 -1.4
-2.04563 0.664664 -1.4
-1.72204 0.559523 -1.2
-1.46756 0.476838 -1
-1.33744 0 -0.8
-1.27198 0.41329 -0.8
-1.02816 0.33407 -0.4
-1.08107 0 -0.4
-1 0 0
-0.970141 0.315218 0.2
-1.08107 0 0.4
-1.02816 0.33407 0.4
-1.18546 0 0.6
-1.27198 0.41329 0.8
-1.33744 0 0.8
-1.46756 0.476838 1
-1.81066 0 1.2
-2.04563 0.664664 1.4
-2.45131 0.796481 1.6
-2.95538 0.960262 1.8
-3.10747 0 1.8
-3.57806 1.16258 2
-3.10747 0 -1.8
-2.57746 0 -1.6
-2.45131 -0.79648 -1.6
-1.81066 0 -1.2
-1.54308 0 -1
-1.12744 -0.366329 -0.6
-1.18546 0 -0.6
-0.970141 -0.315218 -0.2
-1.02007 0 -0.2
-0.951057 -0.309017 0
-1.02007 0 0.2
-0.970141 -0.315218 0.2
-1.12744 -0.366329 0.6
-1.27198 -0.41329 0.8
-1.54308 0 1
-2.1509 0 1.4
-2.45131 -0.79648 1.6
-2.57746 0 1.6
-2.95538 -0.960262 1.8
-3.7622 0 2
-3.57806 -1.16258 -2
-2.514 -1.82653 -1.8
-2.95538 -0.960262 -1.8
-2.04563 -0.664664 -1.4
-1.72204 -0.559523 -1.2
-1.24838 -0.907 -1
-1.46756 -0.476838 -1
-1.27198 -0.41329 -0.8
-0.959062 -0.696799 -0.6
-1.02816 -0.33407 -0.4
-0.825251 -0.59958 0.2
-1.02816 -0.33407 0.4
-0.874606 -0.635438 0.4
-0.959062 -0.696799 0.6
-1.08201 -0.786124 0.8
-1.24838 -0.907 1
-1.46756 -0.476838 1
-1.72204 -0.559523 1.2
-2.04563 -0.664664 1.4
-3.04368 -2.21136 2
-3.57806 -1.16258 2
-3.04368 -2.21136 -2
-1.82653 -2.514 -1.8
-2.08521 -1.515 -1.6
-1.515 -2.08521 -1.6
-1.74011 -1.26427 -1.4
-1.46485 -1.06428 -1.2
-1.08201 -0.786124 -0.8
-0.786125 -1.08201 -0.8
-0.696799 -0.959061 -0.6
-0.874606 -0.635438 -0.4
-0.635438 -0.874606 -0.4
-0.59958 -0.825251 -0.2
-0.825251 -0.59958 -0.2
-0.809017 -0.587785 0
-0.59958 -0.825251 0.2
-0.635438 -0.874606 0.4
-0.696799 -0.959061 0.6
-0.786125 -1.08201 0.8
-0.907 -1.24838 1
-1.46485 -1.06428 1.2
-1.74011 -1.26427 1.4
-2.08521 -1.51499 1.6
-2.514 -1.82653 1.8
-2.21136 -3.04368 2
-2.21136 -3.04368 -2
-1.16258 -3.57806 -2
-0.664664 -2.04563 -1.4
-1.26427 -1.74011 -1.4
-1.06428 -1.46485 -1.2
-0.559523 -1.72204 -1.2
-0.476838 -1.46756 -1
-0.907 -1.24838 -1
-0.41329 -1.27198 -0.8
-0.315218 -0.970141 -0.2
-0.587785 -0.809017 0
-0.315218 -0.970141 0.2
-0.41329 -1.27198 0.8
-0.476838 -1.46756 1
-1.06428 -1.46485 1.2
-0.664664 -2.04563 1.4
-1.26427 -1.74011 1.4
-0.796481 -2.45131 1.6
-1.515 -2.08521 1.6
-1.82653 -2.514 1.8
-0.960262 -2.95538 -1.8
-0.79648 -2.45131 -1.6
0 -2.1509 -1.4
0 -1.81066 -1.2
0 -1.54308 -1
-0.366329 -1.12744 -0.6
-0.33407 -1.02816 -0.4
0 -1.08107 -0.4
0 -1 0
-0.309017 -0.951056 0
0 -1.02007 0.2
-0.33407 -1.02816 0.4
-0.366329 -1.12744 0.6
0 -1.54308 1
0 -1.81066 1.2
-0.559524 -1.72204 1.2
0 -2.1509 1.4
0 -2.57746 1.6
-0.960262 -2.95538 1.8
0 -3.10747 1.8
0 -3.7622 2
-1.16258 -3.57806 2
0 -3.7622 -2
0 -3.10747 -1.8
0.960262 -2.95538 -1.8
0 -2.57746 -1.6
0 -1.33744 -0.8
0 -1.18546 -0.6
0.33407 -1.02816 -0.4
0 -1.02007 -0.2
0.309017 -0.951057 0
0 -1.08107 0.4
0 -1.18546 0.6
0 -1.33744 0.8
0.41329 -1.27198 0.8
0.476838 -1.46756 1
0.664664 -2.04563 1.4
1.16258 -3.57806 -2
2.21136 -3.04368 -2
1.82653 -2.514 -1.8
0.79648 -2.45131 -1.6
0.664664 -2.04563 -1.4
0.559523 -1.72204 -1.2
1.06428 -1.46485 -1.2
0.476838 -1.46756 -1
0.907 -1.24838 -1
0.41329 -1.27198 -0.8
0.786124 -1.08201 -0.8
0.366329 -1.12744 -0.6
0.315218 -0.970141 -0.2
0.59958 -0.825251 -0.2
0.587785 -0.809017 0
0.315218 -0.970141 0.2
0.59958 -0.825251 0.2
0.33407 -1.02816 0.4
0.366329 -1.12744 0.6
0.786124 -1.08201 0.8
0.559523 -1.72204 1.2
1.06428 -1.46485 1.2
0.79648 -2.45131 1.6
0.960262 -2.95538 1.8
2.21136 -3.04368 2
1.16258 -3.57806 2
3.04368 -2.21136 -2
2.514 -1.82653 -1.8
2.08521 -1.515 -1.6
1.51499 -2.08521 -1.6
1.26427 -1.74011 -1.4
1.08201 -0.786125 -0.8
0.696799 -0.959062 -0.6
0.635438 -0.874606 -0.4
0.874606 -0.635438 -0.4
0.809017 -0.587785 0
0.635438 -0.874606 0.4
0.874606 -0.635438 0.4
0.696799 -0.959062 0.6
0.907 -1.24838 1
1.46485 -1.06428 1.2
1.74011 -1.26427 1.4
1.26427 -1.74011 1.4
1.51499 -2.08521 1.6
1.82653 -2.514 1.8
2.514 -1.82653 1.8
3.57806 -1.16258 -2
2.95538 -0.960262 -1.8
1.74011 -1.26427 -1.4
1.72204 -0.559523 -1.2
1.46485 -1.06428 -1.2
1.24838 -0.907 -1
1.27198 -0.41329 -0.8
1.12744 -0.366329 -0.6
0.959061 -0.696799 -0.6
1.02816 -0.33407 -0.4
0.825251 -0.59958 -0.2
0.951056 -0.309017 0
0.825251 -0.59958 0.2
0.970141 -0.315218 0.2
1.02816 -0.33407 0.4
0.959061 -0.696799 0.6
1.27198 -0.41329 0.8
1.08201 -0.786125 0.8
1.24838 -0.907 1
2.08521 -1.515 1.6
2.95538 -0.960262 1.8
3.04368 -2.21136 2
2.57746 0 -1.6
2.45131 -0.796481 -1.6
2.04563 -0.664664 -1.4
1.81066 0 -1.2
1.46756 -0.476838 -1
1.33744 0 -0.8
1.02007 0 -0.2
0.970141 -0.315218 -0.2
1 0 0
1.08107 0 0.4
1.12744 -0.366329 0.6
1.46756 -0.476838 1
1.72204 -0.559524 1.2
1.81066 0 1.2
2.1509 0 1.4
2.04563 -0.664664 1.4
2.45131 -0.796481 1.6
3.57806 -1.16258 2

4 0 25 27 1	
4 1 27 2 402	
4 402 2 4 3	
4 3 4 5 405	
4 405 5 6 7	
4 7 6 30 407	
4 407 30 31 8	
4 8 31 32 9	
4 9 32 33 408	
4 408 33 34 410	
4 410 34 10 11	
4 11 10 12 411	
4 411 12 13 14	
4 14 13 16 15	
4 15 16 17 18	
4 18 17 19 415	
4 415 19 39 416	
4 416 39 21 20	
4 20 21 40 22	
4 22 40 23 24	
4 25 42 26 27	
4 27 26 44 2	
4 2 44 46 4	
4 4 46 48 5	
4 5 48 28 6	
4 6 28 29 30	
4 30 29 51 31	
4 31 51 52 32	
4 32 52 54 33	
4 33 54 57 34	
4 34 57 59 10	
4 10 59 35 12	
4 12 35 61 13	
4 13 61 36 16	
4 16 36 37 17	
4 17 37 38 19	
4 19 38 64 39	
4 39 64 67 21	
4 21 67 68 40	
4 40 68 41 23	
4 42 71 43 26	
4 26 43 45 44	
4 44 45 74 46	
4 46 74 47 48	
4 48 47 49 28	
4 28 49 76 29	
4 29 76 50 51	
4 51 50 53 52	
4 52 53 55 54	
4 54 55 56 57	
4 57 56 58 59	
4 59 58 60 35	
4 35 60 62 61	
4 61 62 63 36	
4 36 63 82 37	
4 37 82 84 38	
4 38 84 65 64	
4 64 65 66 67	
4 67 66 69 68	
4 68 69 70 41	
4 71 72 73 43	
4 43 73 87 45	
4 45 87 89 74	
4 74 89 75 47	
4 47 75 92 49	
4 49 92 77 76	
4 76 77 94 50	
4 50 94 78 53	
4 53 78 79 55	
4 55 79 96 56	
4 56 96 97 58	
4 58 97 80 60	
4 60 80 99 62	
4 62 99 81 63	
4 63 81 83 82	
4 82 83 102 84	
4 84 102 103 65	
4 65 103 85 66	
4 66 85 105 69	
4 69 105 106 70	
4 72 107 86 73	
4 73 86 88 87	
4 87 88 110 89	
4 89 110 90 75	
4 75 90 91 92	
4 92 91 93 77	
4 77 93 95 94	
4 94 95 112 78	
4 78 112 113 79	
4 79 113 115 96	
4 96 115 116 97	
4 97 116 98 80	
4 80 98 100 99	
4 99 100 119 81	
4 81 119 101 83	
4 83 101 121 102	
4 102 121 123 103	
4 103 123 104 85	
4 85 104 125 105	
4 105 125 126 106	
4 107 108 109 86	
4 86 109 129 88	
4 88 129 130 110	
4 110 130 131 90	
4 90 131 111 91	
4 91 111 135 93	
4 93 135 137 95	
4 95 137 138 112	
4 112 138 140 113	
4 113 140 114 115	
4 115 114 117 116	
4 116 117 143 98	
4 98 143 144 100	
4 100 144 118 119	
4 119 118 145 101	
4 101 145 120 121	
4 121 120 122 123	
4 123 122 124 104	
4 104 124 148 125	
4 125 148 150 126	
4 108 127 128 109	
4 109 128 153 129	
4 129 153 154 130	
4 130 154 132 131	
4 131 132 133 111	
4 111 133 134 135	
4 135 134 136 137	
4 137 136 139 138	
4 138 139 157 140	
4 140 157 141 114	
4 114 141 142 117	
4 117 142 160 143	
4 143 160 161 144	
4 144 161 162 118	
4 118 162 163 145	
4 145 163 146 120	
4 120 146 147 122	
4 122 147 166 124	
4 124 166 167 148	
4 148 167 149 150	
4 127 151 169 128	
4 128 169 152 153	
4 153 152 171 154	
4 154 171 172 132	
4 132 172 173 133	
4 133 173 155 134	
4 134 155 174 136	
4 136 174 156 139	
4 139 156 176 157	
4 157 176 158 141	
4 141 158 159 142	
4 142 159 179 160	
4 160 179 181 161	
4 161 181 182 162	
4 162 182 183 163	
4 163 183 184 146	
4 146 184 164 147	
4 147 164 165 166	
4 166 165 186 167	
4 167 186 187 149	
4 151 168 170 169	
4 169 170 189 152	
4 152 189 191 171	
4 171 191 192 172	
4 172 192 193 173	
4 173 193 195 155	
4 155 195 175 174	
4 174 175 196 156	
4 156 196 177 176	
4 176 177 178 158	
4 158 178 199 159	
4 159 199 201 179	
4 179 201 180 181	
4 181 180 203 182	
4 182 203 205 183	
4 183 205 185 184	
4 184 185 207 164	
4 164 207 208 165	
4 165 208 209 186	
4 186 209 211 187	
4 168 188 212 170	
4 170 212 213 189	
4 189 213 190 191	
4 191 190 215 192	
4 192 215 216 193	
4 193 216 194 195	
4 195 194 218 175	
4 175 218 197 196	
4 196 197 220 177	
4 177 220 198 178	
4 178 198 222 199	
4 199 222 200 201	
4 201 200 202 180	
4 180 202 204 203	
4 203 204 226 205	
4 205 226 206 185	
4 185 206 227 207	
4 207 227 229 208	
4 208 229 210 209	
4 209 210 231 211	
4 188 232 234 212	
4 212 234 214 213	
4 213 214 235 190	
4 190 235 236 215	
4 215 236 238 216	
4 216 238 239 194	
4 194 239 217 218	
4 218 217 241 197	
4 197 241 219 220	
4 220 219 221 198	
4 198 221 223 222	
4 222 223 243 200	
4 200 243 224 202	
4 202 224 225 204	
4 204 225 248 226	
4 226 248 249 206	
4 206 249 250 227	
4 227 250 228 229	
4 229 228 230 210	
4 210 230 252 231	
4 232 253 233 234	
4 234 233 255 214	
4 214 255 257 235	
4 235 257 258 236	
4 236 258 237 238	
4 238 237 259 239	
4 239 259 240 217	
4 217 240 262 241	
4 241 262 265 219	
4 219 265 266 221	
4 221 266 242 223	
4 223 242 244 243	
4 243 244 245 224	
4 224 245 246 225	
4 225 246 247 248	
4 248 247 272 249	
4 249 272 273 250	
4 250 273 274 228	
4 228 274 275 230	
4 230 275 251 252	
4 253 277 254 233	
4 233 254 256 255	
4 255 256 280 257	
4 257 280 281 258	
4 258 281 284 237	
4 237 284 260 259	
4 259 260 261 240	
4 240 261 263 262	
4 262 263 264 265	
4 265 264 287 266	
4 266 287 267 242	
4 242 267 268 244	
4 244 268 269 245	
4 245 269 270 246	
4 246 270 271 247	
4 247 271 291 272	
4 272 291 293 273	
4 273 293 295 274	
4 274 295 296 275	
4 275 296 276 251	
4 277 278 297 254	
4 254 297 298 256	
4 256 298 279 280	
4 280 279 282 281	
4 281 282 283 284	
4 284 283 285 260	
4 260 285 302 261	
4 261 302 303 263	
4 263 303 286 264	
4 264 286 306 287	
4 287 306 288 267	
4 267 288 308 268	
4 268 308 309 269	
4 269 309 289 270	
4 270 289 290 271	
4 271 290 312 291	
4 291 312 292 293	
4 293 292 294 295	
4 295 294 315 296	
4 296 315 318 276	
4 278 319 320 297	
4 297 320 322 298	
4 298 322 299 279	
4 279 299 300 282	
4 282 300 301 283	
4 283 301 323 285	
4 285 323 324 302	
4 302 324 304 303	
4 303 304 326 286	
4 286 326 305 306	
4 306 305 307 288	
4 288 307 328 308	
4 308 328 329 309	
4 309 329 330 289	
4 289 330 310 290	
4 290 310 311 312	
4 312 311 313 292	
4 292 313 314 294	
4 294 314 316 315	
4 315 316 317 318	
4 319 334 321 320	
4 320 321 337 322	
4 322 337 338 299	
4 299 338 339 300	
4 300 339 341 301	
4 301 341 343 323	
4 323 343 345 324	
4 324 345 325 304	
4 304 325 346 326	
4 326 346 327 305	
4 305 327 349 307	
4 307 349 351 328	
4 328 351 352 329	
4 329 352 331 330	
4 330 331 332 310	
4 310 332 354 311	
4 311 354 333 313	
4 313 333 356 314	
4 314 356 357 316	
4 316 357 359 317	
4 334 335 336 321	
4 321 336 363 337	
4 337 363 364 338	
4 338 364 340 339	
4 339 340 342 341	
4 341 342 344 343	
4 343 344 366 345	
4 345 366 367 325	
4 325 367 347 346	
4 346 347 348 327	
4 327 348 350 349	
4 349 350 370 351	
4 351 370 372 352	
4 352 372 353 331	
4 331 353 373 332	
4 332 373 355 354	
4 354 355 376 333	
4 333 376 377 356	
4 356 377 378 357	
4 357 378 358 359	
4 335 360 361 336	
4 336 361 362 363	
4 363 362 382 364	
4 364 382 384 340	
4 340 384 385 342	
4 342 385 365 344	
4 344 365 388 366	
4 366 388 368 367	
4 367 368 390 347	
4 347 390 369 348	
4 348 369 392 350	
4 350 392 371 370	
4 370 371 395 372	
4 372 395 397 353	
4 353 397 398 373	
4 373 398 374 355	
4 355 374 375 376	
4 376 375 399 377	
4 377 399 379 378	
4 378 379 401 358	
4 360 380 381 361	
4 361 381 403 362	
4 362 403 404 382	
4 382 404 383 384	
4 384 383 406 385	
4 385 406 386 365	
4 365 386 387 388	
4 388 387 389 368	
4 368 389 409 390	
4 390 409 391 369	
4 369 391 393 392	
4 392 393 394 371	
4 371 394 412 395	
4 395 412 396 397	
4 397 396 413 398	
4 398 413 414 374	
4 374 414 417 375	
4 375 417 418 399	
4 399 418 400 379	
4 379 400 419 401	
4 380 0 1 381	
4 381 1 402 403	
4 403 402 3 404	
4 404 3 405 383	
4 383 405 7 406	
4 406 7 407 386	
4 386 407 8 387	
4 387 8 9 389	
4 389 9 408 409	
4 409 408 410 391	
4 391 410 11 393	
4 393 11 411 394	
4 394 411 14 412	
4 412 14 15 396	
4 396 15 18 413	
4 413 18 415 414	
4 414 415 416 417	
4 417 416 20 418	
4 418 20 22 400	
4 400 22 24 419	
