OFF
441 400 840
0 3.62686 0
-1.12076 3.44935 0.314159
0 2.94217 0
0 2.37557 0
0 1.9043 0
-0.466449 1.43558 0.314159
0 1.50946 0
-0.363157 1.11768 0.314159
0 1.1752 0
0 0.888106 0
0 0.636654 0
0 0.410752 0
-0.126929 0.390649 0.314159
0 0.201336 0
0 0 0
0 -0.201336 0
0 -0.410752 0
0.126929 -0.390649 0.314159
0 -0.636654 0
0.27444 -0.844639 0.314159
0 -0.888106 0
0 -1.1752 0
0 -1.50946 0
0 -1.9043 0
0 -2.37557 0
0.734091 -2.2593 0.314159
0 -2.94217 0
1.12076 -3.44935 0.314159
0 -3.62686 0
-2.13181 2.93419 0.628319
-0.909182 2.79817 0.314159
-1.72937 2.38027 0.628319
-1.39632 1.92188 0.628319
-0.734091 2.2593 0.314159
-0.588462 1.8111 0.314159
-0.27444 0.844639 0.314159
-0.522016 0.718493 0.628319
-0.196737 0.605494 0.314159
-0.374216 0.515064 0.628319
-0.062216 0.191482 0.314159
0 0 0.314159
0.118342 -0.162884 0.628319
0.062216 -0.191482 0.314159
0.196737 -0.605494 0.314159
0.363157 -1.11768 0.314159
0.466449 -1.43558 0.314159
0.887239 -1.22118 0.628319
0.588462 -1.8111 0.314159
1.11932 -1.54061 0.628319
1.72937 -2.38027 0.628319
0.909182 -2.79817 0.314159
2.13181 -2.93419 0.628319
-1.54061 1.11932 0.942478
-1.11932 1.54061 0.628319
-0.887239 1.22118 0.628319
-0.690766 0.950758 0.628319
-0.241434 0.332306 0.628319
-0.332306 0.241434 0.942478
-0.118342 0.162884 0.628319
-0.162884 0.118342 0.942478
0 0 0.628319
0.162884 -0.118342 0.942478
0.241434 -0.332306 0.628319
0.374216 -0.515064 0.628319
0.522016 -0.718493 0.628319
0.690766 -0.950758 0.628319
1.39632 -1.92188 0.628319
2.93419 -2.13181 0.942478
-2.93419 2.13181 0.942478
-2.79817 0.909182 1.25664
-2.38027 1.72937 0.942478
-1.92188 1.39632 0.942478
-1.8111 0.588462 1.25664
-1.22118 0.887239 0.942478
-0.950758 0.690766 0.942478
-1.11768 0.363157 1.25664
-0.718493 0.522016 0.942478
-0.844639 0.27444 1.25664
-0.515064 0.374216 0.942478
-0.390649 0.126929 1.25664
0 0 0.942478
0.191482 -0.062216 1.25664
0.390649 -0.126929 1.25664
0.332306 -0.241434 0.942478
0.515064 -0.374216 0.942478
0.718493 -0.522016 0.942478
0.844639 -0.27444 1.25664
0.950758 -0.690766 0.942478
1.11768 -0.363157 1.25664
1.43558 -0.466449 1.25664
1.22118 -0.887239 0.942478
1.8111 -0.588462 1.25664
1.54061 -1.11932 0.942478
1.92188 -1.39632 0.942478
2.38027 -1.72937 0.942478
-3.44935 1.12076 1.25664
-2.94217 0 1.5708
-2.2593 0.734091 1.25664
-1.9043 0 1.5708
-1.43558 0.466449 1.25664
-1.1752 0 1.5708
-0.605494 0.196737 1.25664
-0.191482 0.062216 1.25664
0 0 1.5708
0 0 1.25664
0.636654 0 1.5708
0.605494 -0.196737 1.25664
0.888106 0 1.5708
1.1752 0 1.5708
1.50946 0 1.5708
1.9043 0 1.5708
2.2593 -0.734091 1.25664
2.79817 -0.909182 1.25664
2.94217 0 1.5708
3.62686 0 1.5708
3.44935 -1.12076 1.25664
-3.62686 0 1.5708
-2.79817 -0.909182 1.88496
-2.37557 0 1.5708
-1.43558 -0.466449 1.88496
-1.50946 0 1.5708
-0.888106 0 1.5708
-0.636654 0 1.5708
-0.605494 -0.196737 1.88496
-0.410752 0 1.5708
-0.390649 -0.126929 1.88496
-0.201336 0 1.5708
0.201336 0 1.5708
0.410752 0 1.5708
0.605494 0.196737 1.88496
2.37557 0 1.5708
3.44935 1.12076 1.88496
-3.44935 -1.12076 1.88496
-2.38027 -1.72937 2.19912
-2.2593 -0.734091 1.88496
-1.54061 -1.11932 2.19912
-1.8111 -0.588461 1.88496
-1.22118 -0.887239 2.19912
-1.11768 -0.363157 1.88496
-0.950758 -0.690766 2.19912
-0.844639 -0.27444 1.88496
-0.191482 -0.062216 1.88496
0 0 1.88496
0.191482 0.062216 1.88496
0.390649 0.126929 1.88496
0.515064 0.374216 2.19912
0.844639 0.27444 1.88496
0.718493 0.522016 2.19912
1.11768 0.363157 1.88496
1.22118 0.887239 2.19912
1.43558 0.466449 1.88496
1.8111 0.588461 1.88496
1.54061 1.11932 2.19912
2.2593 0.734091 1.88496
2.79817 0.909182 1.88496
2.38027 1.72937 2.19912
2.93419 2.13181 2.19912
-2.93419 -2.13181 2.19912
-1.72937 -2.38027 2.51327
-1.39632 -1.92188 2.51327
-1.92188 -1.39632 2.19912
-0.718493 -0.522016 2.19912
-0.374216 -0.515064 2.51327
-0.515064 -0.374216 2.19912
-0.332306 -0.241434 2.19912
-0.118342 -0.162884 2.51327
-0.162884 -0.118342 2.19912
0 0 2.19912
0.118342 0.162884 2.51327
0.162884 0.118342 2.19912
0.332306 0.241434 2.19912
0.374216 0.515064 2.51327
0.522016 0.718493 2.51327
0.690766 0.950758 2.51327
0.950758 0.690766 2.19912
1.92188 1.39632 2.19912
2.13181 2.93419 2.51327
-2.13181 -2.93419 2.51327
-0.734091 -2.2593 2.82743
-1.11932 -1.54061 2.51327
-0.466449 -1.43558 2.82743
-0.887239 -1.22118 2.51327
-0.690766 -0.950758 2.51327
-0.363157 -1.11768 2.82743
-0.522016 -0.718493 2.51327
-0.196737 -0.605494 2.82743
-0.241434 -0.332306 2.51327
0 0 2.51327
0.062216 0.191482 2.82743
0.126929 0.390649 2.82743
0.241434 0.332306 2.51327
0.27444 0.844639 2.82743
0.363157 1.11768 2.82743
0.466449 1.43558 2.82743
0.887239 1.22118 2.51327
1.11932 1.54061 2.51327
0.588462 1.8111 2.82743
1.39632 1.92188 2.51327
0.909182 2.79817 2.82743
1.72937 2.38027 2.51327
1.12076 3.44935 2.82743
-1.12076 -3.44935 2.82743
0 -2.94217 3.14159
-0.909182 -2.79817 2.82743
0 -2.37557 3.14159
-0.588462 -1.8111 2.82743
0 -1.1752 3.14159
0 -0.888106 3.14159
-0.27444 -0.844639 2.82743
0 -0.410752 3.14159
-0.126929 -0.390649 2.82743
-0.062216 -0.191482 2.82743
0 -0.201336 3.14159
0 0 2.82743
0 0 3.14159
0 0.201336 3.14159
0.196737 0.605494 2.82743
0 1.50946 3.14159
0 1.9043 3.14159
0.734091 2.2593 2.82743
0 2.94217 3.14159
0 -3.62686 3.14159
1.12076 -3.44935 3.45575
0.588461 -1.8111 3.45575
0 -1.9043 3.14159
0 -1.50946 3.14159
0 -0.636654 3.14159
0.126929 -0.390649 3.45575
0.062216 -0.191482 3.45575
0 0 3.45575
-0.062216 0.191482 3.45575
0 0.410752 3.14159
0 0.636654 3.14159
0 0.888106 3.14159
0 1.1752 3.14159
-0.363157 1.11768 3.45575
0 2.37557 3.14159
-0.909182 2.79817 3.45575
0 3.62686 3.14159
2.13181 -2.93419 3.76991
0.909182 -2.79817 3.45575
0.734091 -2.2593 3.45575
1.39632 -1.92188 3.76991
0.466449 -1.43558 3.45575
0.363157 -1.11768 3.45575
0.27444 -0.844639 3.45575
0.374216 -0.515064 3.76991
0.196737 -0.605494 3.45575
0.241434 -0.332306 3.76991
0.118342 -0.162884 3.76991
0 0 3.76991
-0.241434 0.332306 3.76991
-0.126929 0.390649 3.45575
-0.196737 0.605494 3.45575
-0.522016 0.718493 3.76991
-0.27444 0.844639 3.45575
-0.466449 1.43558 3.45575
-0.588461 1.8111 3.45575
-0.734091 2.2593 3.45575
-1.72937 2.38027 3.76991
-1.12076 3.44935 3.45575
1.72937 -2.38027 3.76991
1.11932 -1.54061 3.76991
0.887239 -1.22118 3.76991
1.22118 -0.887239 4.08407
0.950758 -0.690766 4.08407
0.690766 -0.950758 3.76991
0.522016 -0.718493 3.76991
0.162884 -0.118342 4.08407
0 0 4.08407
-0.118342 0.162884 3.76991
-0.162884 0.118342 4.08407
-0.332306 0.241434 4.08407
-0.374216 0.515064 3.76991
-0.718493 0.522016 4.08407
-0.690766 0.950758 3.76991
-0.950758 0.690766 4.08407
-0.887239 1.22118 3.76991
-1.11932 1.54061 3.76991
-1.39632 1.92188 3.76991
-2.93419 2.13181 4.08407
-2.13181 2.93419 3.76991
2.93419 -2.13181 4.08407
2.38027 -1.72937 4.08407
1.92188 -1.39632 4.08407
1.54061 -1.11932 4.08407
0.718493 -0.522016 4.08407
0.844639 -0.27444 4.39823
0.515064 -0.374216 4.08407
0.332306 -0.241434 4.08407
0.191482 -0.062216 4.39823
0 0 4.39823
-0.191482 0.062216 4.39823
-0.390649 0.126929 4.39823
-0.515064 0.374216 4.08407
-0.605494 0.196737 4.39823
-0.844639 0.27444 4.39823
-1.22118 0.887239 4.08407
-1.43558 0.466449 4.39823
-1.54061 1.11932 4.08407
-1.92188 1.39632 4.08407
-2.2593 0.734091 4.39823
-2.38027 1.72937 4.08407
3.44935 -1.12076 4.39823
3.62686 0 4.71239
2.79817 -0.909182 4.39823
2.94217 0 4.71239
2.2593 -0.734091 4.39823
1.8111 -0.588462 4.39823
1.9043 0 4.71239
1.43558 -0.466449 4.39823
1.1752 0 4.71239
1.11768 -0.363157 4.39823
0.605494 -0.196737 4.39823
0.390649 -0.126929 4.39823
0.410752 0 4.71239
0 0 4.71239
-0.201336 0 4.71239
-0.410752 0 4.71239
-1.11768 0.363157 4.39823
-1.9043 0 4.71239
-1.8111 0.588462 4.39823
-2.94217 0 4.71239
-2.79817 0.909182 4.39823
-3.62686 0 4.71239
-3.44935 1.12076 4.39823
2.37557 0 4.71239
1.50946 0 4.71239
0.844639 0.27444 5.02655
0.888106 0 4.71239
0.636654 0 4.71239
0.605494 0.196737 5.02655
0.201336 0 4.71239
0.191482 0.062216 5.02655
-0.390649 -0.126929 5.02655
-0.636654 0 4.71239
-0.888106 0 4.71239
-1.1752 0 4.71239
-1.11768 -0.363157 5.02655
-1.50946 0 4.71239
-2.37557 0 4.71239
-2.2593 -0.734091 5.02655
-3.44935 -1.12076 5.02655
3.44935 1.12076 5.02655
2.79817 0.909182 5.02655
2.2593 0.734091 5.02655
1.8111 0.588461 5.02655
1.43558 0.466449 5.02655
0.950758 0.690766 5.34071
1.11768 0.363157 5.02655
0.515064 0.374216 5.34071
0.390649 0.126929 5.02655
0.162884 0.118342 5.34071
0 0 5.02655
-0.162884 -0.118342 5.34071
-0.191482 -0.062216 5.02655
-0.332306 -0.241434 5.34071
-0.605494 -0.196737 5.02655
-0.718493 -0.522016 5.34071
-0.844639 -0.27444 5.02655
-0.950758 -0.690766 5.34071
-1.43558 -0.466449 5.02655
-1.22118 -0.887239 5.34071
-1.8111 -0.588461 5.02655
-1.54061 -1.11932 5.34071
-2.79817 -0.909182 5.02655
-2.38027 -1.72937 5.34071
2.93419 2.13181 5.34071
2.13181 2.93419 5.65487
2.38027 1.72937 5.34071
1.72937 2.38027 5.65487
1.92188 1.39632 5.34071
1.39632 1.92188 5.65487
1.54061 1.11932 5.34071
1.22118 0.887239 5.34071
0.887239 1.22118 5.65487
0.690766 0.950758 5.65487
0.718493 0.522016 5.34071
0.522016 0.718493 5.65487
0.374216 0.515064 5.65487
0.332306 0.241434 5.34071
0.241434 0.332306 5.65487
0.118342 0.162884 5.65487
0 0 5.34071
-0.118342 -0.162884 5.65487
-0.241434 -0.332306 5.65487
-0.515064 -0.374216 5.34071
-0.522016 -0.718493 5.65487
-1.92188 -1.39632 5.34071
-2.13181 -2.93419 5.65487
-2.93419 -2.13181 5.34071
1.12076 3.44935 5.96903
0.909182 2.79817 5.96903
1.11932 1.54061 5.65487
0.363157 1.11768 5.96903
0.196737 0.605494 5.96903
0.062216 0.191482 5.96903
0 0 5.96903
0 0 5.65487
-0.062216 -0.191482 5.96903
-0.126929 -0.390649 5.96903
-0.374216 -0.515064 5.65487
-0.27444 -0.844639 5.96903
-0.690766 -0.950758 5.65487
-0.466449 -1.43558 5.96903
-0.887239 -1.22118 5.65487
-0.588462 -1.8111 5.96903
-1.11932 -1.54061 5.65487
-1.39632 -1.92188 5.65487
-0.734091 -2.2593 5.96903
-1.72937 -2.38027 5.65487
-0.909182 -2.79817 5.96903
0 3.62686 6.28319
0 2.94217 6.28319
0.734091 2.2593 5.96903
0 2.37557 6.28319
0 1.9043 6.28319
0.588462 1.8111 5.96903
0 1.50946 6.28319
0.466449 1.43558 5.96903
0 1.1752 6.28319
0.27444 0.844639 5.96903
0 0.888106 6.28319
0 0.636654 6.28319
0 0.410752 6.28319
0.126929 0.390649 5.96903
0 0.201336 6.28319
0 0 6.28319
0 -0.201336 6.28319
0 -0.410752 6.28319
-0.196737 -0.605494 5.96903
0 -0.636654 6.28319
0 -0.888106 6.28319
-0.363157 -1.11768 5.96903
0 -1.1752 6.28319
0 -1.50946 6.28319
0 -1.9043 6.28319
0 -2.37557 6.28319
0 -2.94217 6.28319
0 -3.62686 6.28319
-1.12076 -3.44935 5.96903

4 0 1 30 2	
4 2 30 33 3	
4 3 33 34 4	
4 4 34 5 6	
4 6 5 7 8	
4 8 7 35 9	
4 9 35 37 10	
4 10 37 12 11	
4 11 12 39 13	
4 13 39 40 14	
4 14 40 42 15	
4 15 42 17 16	
4 16 17 43 18	
4 18 43 19 20	
4 20 19 44 21	
4 21 44 45 22	
4 22 45 47 23	
4 23 47 25 24	
4 24 25 50 26	
4 26 50 27 28	
4 1 29 31 30	
4 30 31 32 33	
4 33 32 53 34	
4 34 53 54 5	
4 5 54 55 7	
4 7 55 36 35	
4 35 36 38 37	
4 37 38 56 12	
4 12 56 58 39	
4 39 58 60 40	
4 40 60 41 42	
4 42 41 62 17	
4 17 62 63 43	
4 43 63 64 19	
4 19 64 65 44	
4 44 65 46 45	
4 45 46 48 47	
4 47 48 66 25	
4 25 66 49 50	
4 50 49 51 27	
4 29 68 70 31	
4 31 70 71 32	
4 32 71 52 53	
4 53 52 73 54	
4 54 73 74 55	
4 55 74 76 36	
4 36 76 78 38	
4 38 78 57 56	
4 56 57 59 58	
4 58 59 80 60	
4 60 80 61 41	
4 41 61 83 62	
4 62 83 84 63	
4 63 84 85 64	
4 64 85 87 65	
4 65 87 90 46	
4 46 90 92 48	
4 48 92 93 66	
4 66 93 94 49	
4 49 94 67 51	
4 68 95 69 70	
4 70 69 97 71	
4 71 97 72 52	
4 52 72 99 73	
4 73 99 75 74	
4 74 75 77 76	
4 76 77 101 78	
4 78 101 79 57	
4 57 79 102 59	
4 59 102 104 80	
4 80 104 81 61	
4 61 81 82 83	
4 83 82 106 84	
4 84 106 86 85	
4 85 86 88 87	
4 87 88 89 90	
4 90 89 91 92	
4 92 91 111 93	
4 93 111 112 94	
4 94 112 115 67	
4 95 116 96 69	
4 69 96 118 97	
4 97 118 98 72	
4 72 98 120 99	
4 99 120 100 75	
4 75 100 121 77	
4 77 121 122 101	
4 101 122 124 79	
4 79 124 126 102	
4 102 126 103 104	
4 104 103 127 81	
4 81 127 128 82	
4 82 128 105 106	
4 106 105 107 86	
4 86 107 108 88	
4 88 108 109 89	
4 89 109 110 91	
4 91 110 130 111	
4 111 130 113 112	
4 112 113 114 115	
4 116 132 117 96	
4 96 117 134 118	
4 118 134 136 98	
4 98 136 119 120	
4 120 119 138 100	
4 100 138 140 121	
4 121 140 123 122	
4 122 123 125 124	
4 124 125 141 126	
4 126 141 142 103	
4 103 142 143 127	
4 127 143 144 128	
4 128 144 129 105	
4 105 129 146 107	
4 107 146 148 108	
4 108 148 150 109	
4 109 150 151 110	
4 110 151 153 130	
4 130 153 154 113	
4 113 154 131 114	
4 132 157 133 117	
4 117 133 160 134	
4 134 160 135 136	
4 136 135 137 119	
4 119 137 139 138	
4 138 139 161 140	
4 140 161 163 123	
4 123 163 164 125	
4 125 164 166 141	
4 141 166 167 142	
4 142 167 169 143	
4 143 169 170 144	
4 144 170 145 129	
4 129 145 147 146	
4 146 147 174 148	
4 148 174 149 150	
4 150 149 152 151	
4 151 152 175 153	
4 153 175 155 154	
4 154 155 156 131	
4 157 177 158 133	
4 133 158 159 160	
4 160 159 179 135	
4 135 179 181 137	
4 137 181 182 139	
4 139 182 184 161	
4 161 184 162 163	
4 163 162 186 164	
4 164 186 165 166	
4 166 165 187 167	
4 167 187 168 169	
4 169 168 190 170	
4 170 190 171 145	
4 145 171 172 147	
4 147 172 173 174	
4 174 173 194 149	
4 149 194 195 152	
4 152 195 197 175	
4 175 197 199 155	
4 155 199 176 156	
4 177 201 203 158	
4 158 203 178 159	
4 159 178 205 179	
4 179 205 180 181	
4 181 180 183 182	
4 182 183 208 184	
4 184 208 185 162	
4 162 185 210 186	
4 186 210 211 165	
4 165 211 213 187	
4 187 213 188 168	
4 168 188 189 190	
4 190 189 216 171	
4 171 216 191 172	
4 172 191 192 173	
4 173 192 193 194	
4 194 193 196 195	
4 195 196 219 197	
4 197 219 198 199	
4 199 198 200 176	
4 201 221 202 203	
4 203 202 204 178	
4 178 204 224 205	
4 205 224 225 180	
4 180 225 206 183	
4 183 206 207 208	
4 208 207 226 185	
4 185 226 209 210	
4 210 209 212 211	
4 211 212 214 213	
4 213 214 215 188	
4 188 215 231 189	
4 189 231 232 216	
4 216 232 233 191	
4 191 233 234 192	
4 192 234 217 193	
4 193 217 218 196	
4 196 218 236 219	
4 219 236 220 198	
4 198 220 238 200	
4 221 222 240 202	
4 202 240 241 204	
4 204 241 223 224	
4 224 223 243 225	
4 225 243 244 206	
4 206 244 245 207	
4 207 245 247 226	
4 226 247 227 209	
4 209 227 228 212	
4 212 228 229 214	
4 214 229 230 215	
4 215 230 252 231	
4 231 252 253 232	
4 232 253 255 233	
4 233 255 235 234	
4 234 235 256 217	
4 217 256 257 218	
4 218 257 258 236	
4 236 258 237 220	
4 220 237 260 238	
4 222 239 261 240	
4 240 261 242 241	
4 241 242 262 223	
4 223 262 263 243	
4 243 263 266 244	
4 244 266 267 245	
4 245 267 246 247	
4 247 246 248 227	
4 227 248 249 228	
4 228 249 250 229	
4 229 250 270 230	
4 230 270 251 252	
4 252 251 273 253	
4 253 273 254 255	
4 255 254 275 235	
4 235 275 277 256	
4 256 277 278 257	
4 257 278 279 258	
4 258 279 259 237	
4 237 259 281 260	
4 239 282 283 261	
4 261 283 284 242	
4 242 284 285 262	
4 262 285 264 263	
4 263 264 265 266	
4 266 265 286 267	
4 267 286 288 246	
4 246 288 289 248	
4 248 289 268 249	
4 249 268 269 250	
4 250 269 271 270	
4 270 271 272 251	
4 251 272 294 273	
4 273 294 274 254	
4 254 274 276 275	
4 275 276 297 277	
4 277 297 299 278	
4 278 299 300 279	
4 279 300 302 259	
4 259 302 280 281	
4 282 303 305 283	
4 283 305 307 284	
4 284 307 308 285	
4 285 308 310 264	
4 264 310 312 265	
4 265 312 287 286	
4 286 287 313 288	
4 288 313 314 289	
4 289 314 290 268	
4 268 290 291 269	
4 269 291 292 271	
4 271 292 293 272	
4 272 293 295 294	
4 294 295 296 274	
4 274 296 319 276	
4 276 319 298 297	
4 297 298 321 299	
4 299 321 301 300	
4 300 301 323 302	
4 302 323 325 280	
4 303 304 306 305	
4 305 306 326 307	
4 307 326 309 308	
4 308 309 327 310	
4 310 327 311 312	
4 312 311 329 287	
4 287 329 330 313	
4 313 330 315 314	
4 314 315 332 290	
4 290 332 316 291	
4 291 316 317 292	
4 292 317 318 293	
4 293 318 335 295	
4 295 335 336 296	
4 296 336 337 319	
4 319 337 339 298	
4 298 339 320 321	
4 321 320 340 301	
4 301 340 322 323	
4 323 322 324 325	
4 304 343 344 306	
4 306 344 345 326	
4 326 345 346 309	
4 309 346 347 327	
4 327 347 349 311	
4 311 349 328 329	
4 329 328 331 330	
4 330 331 351 315	
4 315 351 333 332	
4 332 333 353 316	
4 316 353 355 317	
4 317 355 334 318	
4 318 334 357 335	
4 335 357 359 336	
4 336 359 338 337	
4 337 338 361 339	
4 339 361 363 320	
4 320 363 341 340	
4 340 341 365 322	
4 322 365 342 324	
4 343 367 369 344	
4 344 369 371 345	
4 345 371 373 346	
4 346 373 374 347	
4 347 374 348 349	
4 349 348 377 328	
4 328 377 350 331	
4 331 350 380 351	
4 351 380 352 333	
4 333 352 383 353	
4 353 383 354 355	
4 355 354 356 334	
4 334 356 386 357	
4 357 386 358 359	
4 359 358 360 338	
4 338 360 362 361	
4 361 362 364 363	
4 363 364 388 341	
4 341 388 366 365	
4 365 366 390 342	
4 367 368 370 369	
4 369 370 372 371	
4 371 372 393 373	
4 373 393 375 374	
4 374 375 376 348	
4 348 376 378 377	
4 377 378 379 350	
4 350 379 381 380	
4 380 381 382 352	
4 352 382 398 383	
4 383 398 384 354	
4 354 384 385 356	
4 356 385 401 386	
4 386 401 387 358	
4 358 387 403 360	
4 360 403 405 362	
4 362 405 407 364	
4 364 407 408 388	
4 388 408 410 366	
4 366 410 389 390	
4 368 391 392 370	
4 370 392 414 372	
4 372 414 417 393	
4 393 417 419 375	
4 375 419 394 376	
4 376 394 421 378	
4 378 421 395 379	
4 379 395 425 381	
4 381 425 396 382	
4 382 396 397 398	
4 398 397 399 384	
4 384 399 400 385	
4 385 400 430 401	
4 401 430 402 387	
4 387 402 433 403	
4 403 433 404 405	
4 405 404 406 407	
4 407 406 409 408	
4 408 409 411 410	
4 410 411 440 389	
4 391 412 413 392	
4 392 413 415 414	
4 414 415 416 417	
4 417 416 418 419	
4 419 418 420 394	
4 394 420 422 421	
4 421 422 423 395	
4 395 423 424 425	
4 425 424 426 396	
4 396 426 427 397	
4 397 427 428 399	
4 399 428 429 400	
4 400 429 431 430	
4 430 431 432 402	
4 402 432 434 433	
4 433 434 435 404	
4 404 435 436 406	
4 406 436 437 409	
4 409 437 438 411	
4 411 438 439 440	
