appearance {shading csmooth  +keepcolor
 material {     
	ambient 1.000000 0.964706 0.035294
    diffuse 1.000000 0.964706 0.035294
	}
}
LIST
# this is for the X_W plane
# this is for the axes
appearance {-keepcolor}
4MESH
2 2
0.009 0 0 -0.009
0.009 0 0 0.45
-0.009 0 0 -0.009
-0.009 0 0 0.45
appearance {-keepcolor}
4MESH
2 2
0.009 0 0 0.45
0.009 0 0 0.85
-0.009 0 0 0.45
-0.009 0 0 0.85
appearance {-keepcolor}
4MESH
2 2
0.85 0 0 0.009
0.45 0 0 0.009
0.85 0 0 -0.009
0.45 0 0 -0.009
appearance {-keepcolor}
4MESH
2 2
0.45 0 0 0.009
-0.009 0 0 0.009
0.45 0 0 -0.009
-0.009 0 0 -0.009
# this is for the X_W plane
# this is for the letter X
# 4MESH
# 2 2
# 1.08 0 0 -0.09
# 0.945 0 0 0.09
# 1.035 0 0 -0.09
# 0.9 0 0 0.09
# 4MESH
# 2 2
# 1.08 0 0 0.09
# 1.035 0 0 0.09
# 0.945 0 0 -0.09
# 0.9 0 0 -0.09
# this is for the X_W plane
# this is for the letter W
# 4MESH
# 2 2
# 0.135 0 0 1.08
# 0.09 0 0 1.08
# 0.09 0 0 0.9
# 0.045 0 0 0.9
# 4MESH
# 2 2
# 0.0225 0 0 1.08
# -0.0225 0 0 1.08
# 0.09 0 0 0.9
# 0.045 0 0 0.9
# 4MESH
# 2 2
# -0.09 0 0 0.9
# -0.045 0 0 0.9
# -0.135 0 0 1.08
# -0.09 0 0 1.08
# 4MESH
# 2 2
# 0.0225 0 0 1.08
# -0.0225 0 0 1.08
# -0.045 0 0 0.9
# -0.09 0 0 0.9
# this is for the X_Y plane
# this is for the axes
4MESH
2 2
0.009 -0.009 0 0
0.009 0.45 0 0
-0.009 -0.009 0 0
-0.009 0.45 0 0
4MESH
2 2
0.009 0.45 0 0
0.009 0.85 0 0
-0.009 0.45 0 0
-0.009 0.85 0 0
4MESH
2 2
0.85 0.009 0 0
0.45 0.009 0 0
0.85 -0.009 0 0
0.45 -0.009 0 0
4MESH
2 2
0.45 0.009 0 0
-0.009 0.009 0 0
0.45 -0.009 0 0
-0.009 -0.009 0 0
# this is for the X_Y plane
# this is for the letter X
# 4MESH
# 2 2
# 1.08 -0.09 0 0
# 0.945 0.09 0 0
# 1.035 -0.09 0 0
# 0.9 0.09 0 0
# 4MESH 
# 2 2
# 1.08 0.09 0 0
# 1.035 0.09 0 0
# 0.945 -0.09 0 0
# 0.9 -0.09 0 0
# this is for the X_W plane
# this is for the letter Y
# 4MESH
# 2 2
# 0.09 1.08 0 0
# 0.045 1.08 0 0
# 0.0225 0.99 0 0
# -0.0225 0.99 0 0
# 4MESH
# 2 2
# -0.0225 0.99 0 0
# 0.0225 0.99 0 0
# -0.09 1.08 0 0
# -0.045 1.08 0 0
# 4MESH
# 2 2
# 0.0225 0.99 0 0
# -0.0225 0.99 0 0
# 0.0225 0.9 0 0
# -0.0225 0.9 0 0
# this is for the Y_Z plane
# this is for the Z-axis
4MESH
2 2
0 0.009 -0.009 0
0 0.009 0.45 0
0 -0.009 -0.009 0
0 -0.009 0.45 0
4MESH  
2 2  
0 0.009 0.45 0
0 0.009 0.85 0
0 -0.009 0.45 0
0 -0.009 0.85 0
# this is for the Y_Z plane
# this is for the letter Z
# 4MESH
# 2 2
# 0 0.09 0.9 0
# 0 0.09 0.99 0
# 0 0.045 0.9 0
# 0 0.045 0.99 0
# 4MESH
# 2 2
# 0 0.09 0.9 0
# 0 -0.045 0.99 0
# 0 0.045 0.9 0
# 0 -0.09 0.99 0
# 4MESH
# 2 2
# 0 -0.045 0.9 0
# 0 -0.045 0.99 0
# 0 -0.09 0.9 0
# 0 -0.09 0.99 0
#appearance {-keepcolor}
4OFF
128 32 0

0.168003 0 0 1.0776
0.168003 0 0 1.0776
0.166502 0 0 1.0776
0.166502 0 0 1.0689
0.148113 0 0 1.0776
0.148113 0 0 1.06461
0.166502 0 0 1.0689
0.166502 0 0 1.0776
0.137402 0 0 1.0776
0.137402 0 0 1.0509
0.148113 0 0 1.06461
0.148113 0 0 1.0776
0.122844 0 0 1.0776
0.122844 0 0 1.02225
0.137402 0 0 1.0509
0.137402 0 0 1.0776
0.121501 0 0 1.0566
0.121501 0 0 1.01961
0.122844 0 0 1.02225
0.122844 0 0 1.06383
0.118802 0 0 1.0776
0.118802 0 0 1.0668
0.122844 0 0 1.06383
0.122844 0 0 1.0776
0.0999024 0 0 1.00942
0.0999024 0 0 0.9771
0.121501 0 0 1.01961
0.121501 0 0 1.0566
0.100803 0 0 1.0776
0.100803 0 0 1.06874
0.118802 0 0 1.0668
0.118802 0 0 1.0776
0.0993018 0 0 1.0689
0.0993018 0 0 1.0689
0.100803 0 0 1.06874
0.100803 0 0 1.0776
0.0873032 0 0 0.9819
0.0873032 0 0 0.95125
0.0999024 0 0 0.9771
0.0999024 0 0 1.00942
0.051302 0 0 0.9066
0.051302 0 0 0.877388
0.0873032 0 0 0.95125
0.0873032 0 0 0.9819
0.0501012 0 0 0.9066
0.0501012 0 0 0.874924
0.051302 0 0 0.877388
0.051302 0 0 0.9066
0.0477012 0 0 0.932578
0.0477012 0 0 0.87
0.0501012 0 0 0.874924
0.0501012 0 0 0.9066
0.0348021 0 0 1.0722
0.0348021 0 0 0.87
0.0477012 0 0 0.87
0.0477012 0 0 0.932578
0.0267025 0 0 1.0722
0.0267025 0 0 0.87
0.0348021 0 0 0.87
0.0348021 0 0 1.0722
0.0138016 0 0 1.0722
0.0138016 0 0 1.00669
0.0267025 0 0 0.87
0.0267025 0 0 1.0722
0.0111018 0 0 1.0667
0.0111018 0 0 1.0353
0.0138016 0 0 1.00669
0.0138016 0 0 1.0722
0.00960155 0 0 1.06364
0.00960155 0 0 1.0353
0.0111018 0 0 1.0353
0.0111018 0 0 1.0667
-0.0674976 0 0 0.9066
-0.0674976 0 0 0.880258
0.00960155 0 0 1.0353
0.00960155 0 0 1.06364
-0.050997 0 0 1.0776
-0.050997 0 0 1.0776
-0.0530969 0 0 1.0776
-0.0530969 0 0 1.0689
-0.072597 0 0 1.0776
-0.072597 0 0 1.0671
-0.0530969 0 0 1.0689
-0.0530969 0 0 1.0776
-0.0689995 0 0 0.9066
-0.0689995 0 0 0.877237
-0.0674976 0 0 0.880258
-0.0674976 0 0 0.9066
-0.0725985 0 0 0.96146
-0.0725985 0 0 0.87
-0.0689995 0 0 0.877237
-0.0689995 0 0 0.9066
-0.0777861 0 0 1.0776
-0.0777861 0 0 1.06477
-0.072597 0 0 1.0671
-0.072597 0 0 1.0776
-0.0788991 0 0 1.0575
-0.0788991 0 0 0.87
-0.0725985 0 0 0.87
-0.0725985 0 0 0.96146
-0.0788991 0 0 1.0776
-0.0788991 0 0 1.0575
-0.0777861 0 0 1.06477
-0.0777861 0 0 1.0776
-0.0935993 0 0 1.0776
-0.0935993 0 0 0.87
-0.0788991 0 0 0.87
-0.0788991 0 0 1.0776
-0.106799 0 0 1.0776
-0.106799 0 0 1.0548
-0.0935993 0 0 0.87
-0.0935993 0 0 1.0776
-0.108911 0 0 1.0776
-0.108911 0 0 1.06425
-0.106799 0 0 1.0548
-0.106799 0 0 1.0776
-0.115499 0 0 1.0776
-0.115499 0 0 1.0674
-0.108911 0 0 1.06425
-0.108911 0 0 1.0776
-0.1269 0 0 1.0776
-0.1269 0 0 1.0687
-0.115499 0 0 1.0674
-0.115499 0 0 1.0776
-0.1287 0 0 1.0689
-0.1287 0 0 1.0689
-0.1269 0 0 1.0687
-0.1269 0 0 1.0776

4 0 1 2 3
4 4 5 6 7
4 8 9 10 11
4 12 13 14 15
4 16 17 18 19
4 20 21 22 23
4 24 25 26 27
4 28 29 30 31
4 32 33 34 35
4 36 37 38 39
4 40 41 42 43
4 44 45 46 47
4 48 49 50 51
4 52 53 54 55
4 56 57 58 59
4 60 61 62 63
4 64 65 66 67
4 68 69 70 71
4 72 73 74 75
4 76 77 78 79
4 80 81 82 83
4 84 85 86 87
4 88 89 90 91
4 92 93 94 95
4 96 97 98 99
4 100 101 102 103
4 104 105 106 107
4 108 109 110 111
4 112 113 114 115
4 116 117 118 119
4 120 121 122 123
4 124 125 126 127
4OFF
76 19 0

0 0.1037 0.848598 0
0 0.1037 0.848598 0
0 0.1076 0.850099 0
0 0.102045 0.850099 0
0 0.1076 0.890598 0
0 0.0573844 0.890598 0
0 0.102045 0.850099 0
0 0.1076 0.850099 0
0 -0.0472 0.877698 0
0 -0.0472 0.877698 0
0 -0.0472 0.886698 0
0 -0.0782589 0.886698 0
0 -0.0588821 0.892999 0
0 -0.1 0.892999 0
0 -0.0782589 0.886698 0
0 -0.0472 0.886698 0
0 0.1076 0.949099 0
0 0.0971 0.949099 0
0 0.0971 0.890598 0
0 0.1076 0.890598 0
0 -0.0500368 1.0238 0
0 -0.0895 1.0238 0
0 0.0573844 0.890598 0
0 0.0971 0.890598 0
0 -0.0693907 0.898666 0
0 -0.1 0.898666 0
0 -0.1 0.892999 0
0 -0.0588821 0.892999 0
0 -0.0821992 0.912999 0
0 -0.1 0.912999 0
0 -0.1 0.898666 0
0 -0.0693907 0.898666 0
0 -0.0880937 0.933237 0
0 -0.1 0.933237 0
0 -0.1 0.912999 0
0 -0.0821992 0.912999 0
0 -0.0895 0.962897 0
0 -0.1 0.962897 0
0 -0.1 0.933237 0
0 -0.0880937 0.933237 0
0 0.1076 0.970099 0
0 0.0957008 0.970099 0
0 0.0971 0.949099 0
0 0.1076 0.949099 0
0 -0.0895 1.0238 0
0 -0.1 1.0238 0
0 -0.1 0.962897 0
0 -0.0895 0.962897 0
0 0.1076 0.984736 0
0 0.090029 0.984736 0
0 0.0957008 0.970099 0
0 0.1076 0.970099 0
0 0.1076 0.995433 0
0 0.0778415 0.995433 0
0 0.090029 0.984736 0
0 0.1076 0.984736 0
0 0.1076 1.0025 0
0 0.0616968 1.0025 0
0 0.0778415 0.995433 0
0 0.1076 0.995433 0
0 0.0980103 1.0046 0
0 0.0569 1.0046 0
0 0.0616968 1.0025 0
0 0.1076 1.0025 0
0 0.0569 1.0136 0
0 0.0569 1.0136 0
0 0.0569 1.0046 0
0 0.0980103 1.0046 0
0 -0.0947737 1.0643 0
0 -0.1 1.0643 0
0 -0.1 1.0238 0
0 -0.0500368 1.0238 0
0 -0.0961 1.0655 0
0 -0.0961 1.0655 0
0 -0.1 1.0643 0
0 -0.0947737 1.0643 0

4 0 1 2 3
4 4 5 6 7
4 8 9 10 11
4 12 13 14 15
4 16 17 18 19
4 20 21 22 23
4 24 25 26 27
4 28 29 30 31
4 32 33 34 35
4 36 37 38 39
4 40 41 42 43
4 44 45 46 47
4 48 49 50 51
4 52 53 54 55
4 56 57 58 59
4 60 61 62 63
4 64 65 66 67
4 68 69 70 71
4 72 73 74 75
4OFF
132 33 0

0.123703 1.0776 0 0
0.123703 1.0776 0 0
0.121901 1.0776 0 0
0.121901 1.0689 0 0
0.103772 1.0776 0 0
0.103772 1.06528 0 0
0.121901 1.0689 0 0
0.121901 1.0776 0 0
0.0904021 1.0776 0 0
0.0904021 1.0536 0 0
0.103772 1.06528 0 0
0.103772 1.0776 0 0
0.0744149 1.0776 0 0
0.0744149 1.0324 0 0
0.0904021 1.0536 0 0
0.0904021 1.0776 0 0
0.0733024 1.059 0 0
0.0733024 1.03092 0 0
0.0744149 1.0324 0 0
0.0744149 1.06514 0 0
0.0688021 1.0776 0 0
0.0688021 1.0677 0 0
0.0744149 1.06514 0 0
0.0744149 1.0776 0 0
0.0214018 0.983242 0 0
0.0214018 0.9621 0 0
0.0733024 1.03092 0 0
0.0733024 1.059 0 0
0.055002 1.0776 0 0
0.055002 1.06876 0 0
0.0688021 1.0677 0 0
0.0688021 1.0776 0 0
0.0532012 1.0689 0 0
0.0532012 1.0689 0 0
0.055002 1.06876 0 0
0.055002 1.0776 0 0
0.0313017 0.8787 0 0
0.0313017 0.8787 0 0
0.0295024 0.878842 0 0
0.0295024 0.87 0 0
0.00850304 0.8805 0 0
0.00850304 0.87 0 0
0.0295024 0.87 0 0
0.0295024 0.878842 0 0
0.0130033 0.970983 0 0
0.0130033 0.9441 0 0
0.0214018 0.9621 0 0
0.0214018 0.983242 0 0
0.0100005 0.9666 0 0
0.0100005 0.930746 0 0
0.0130033 0.9441 0 0
0.0130033 0.970983 0 0
0.00910092 0.9666 0 0
0.00910092 0.926745 0 0
0.0100005 0.930746 0 0
0.0100005 0.9666 0 0
0.00160285 0.991898 0 0
0.00160285 0.8934 0 0
0.00910092 0.926745 0 0
0.00910092 0.9666 0 0
0.00166579 0.884016 0 0
0.00166579 0.87 0 0
0.00850304 0.87 0 0
0.00850304 0.8805 0 0
0.00580125 1.0776 0 0
0.00580125 1.0776 0 0
0.00400305 1.0776 0 0
0.00400305 1.0689 0 0
-0.0124969 1.0776 0 0
-0.0124969 1.0674 0 0
0.00400305 1.0689 0 0
0.00400305 1.0776 0 0
0.00160285 0.8934 0 0
0.00160285 0.87 0 0
0.00166579 0.87 0 0
0.00166579 0.884016 0 0
-0.0163989 1.05263 0 0
-0.0163989 0.87 0 0
0.00160285 0.87 0 0
0.00160285 0.991898 0 0
-0.0179438 1.0776 0 0
-0.0179438 1.06483 0 0
-0.0124969 1.0674 0 0
-0.0124969 1.0776 0 0
-0.0163993 0.9438 0 0
-0.0163993 0.87 0 0
-0.0163989 0.87 0 0
-0.0163989 0.9597 0 0
-0.018197 1.0587 0 0
-0.018197 0.965535 0 0
-0.0163989 0.9597 0 0
-0.0163989 1.05263 0 0
-0.0277985 0.8934 0 0
-0.0277985 0.87 0 0
-0.0163993 0.87 0 0
-0.0163993 0.9438 0 0
-0.018197 1.0776 0 0
-0.018197 1.0587 0 0
-0.0179438 1.06483 0 0
-0.0179438 1.0776 0 0
-0.0457974 1.0776 0 0
-0.0457974 1.0551 0 0
-0.018197 0.965535 0 0
-0.018197 1.0776 0 0
-0.0317078 0.884269 0 0
-0.0317078 0.87 0 0
-0.0277985 0.87 0 0
-0.0277985 0.8934 0 0
-0.0400982 0.8808 0 0
-0.0400982 0.87 0 0
-0.0317078 0.87 0 0
-0.0317078 0.884269 0 0
-0.0616975 0.8787 0 0
-0.0616975 0.87 0 0
-0.0400982 0.87 0 0
-0.0400982 0.8808 0 0
-0.052629 1.0776 0 0
-0.052629 1.06581 0 0
-0.0457974 1.0551 0 0
-0.0457974 1.0776 0 0
-0.0688997 1.0776 0 0
-0.0688997 1.06859 0 0
-0.052629 1.06581 0 0
-0.052629 1.0776 0 0
-0.0634988 0.87 0 0
-0.0634988 0.87 0 0
-0.0616975 0.87 0 0
-0.0616975 0.8787 0 0
-0.0706996 1.0689 0 0
-0.0706996 1.0689 0 0
-0.0688997 1.06859 0 0
-0.0688997 1.0776 0 0

4 0 1 2 3
4 4 5 6 7
4 8 9 10 11
4 12 13 14 15
4 16 17 18 19
4 20 21 22 23
4 24 25 26 27
4 28 29 30 31
4 32 33 34 35
4 36 37 38 39
4 40 41 42 43
4 44 45 46 47
4 48 49 50 51
4 52 53 54 55
4 56 57 58 59
4 60 61 62 63
4 64 65 66 67
4 68 69 70 71
4 72 73 74 75
4 76 77 78 79
4 80 81 82 83
4 84 85 86 87
4 88 89 90 91
4 92 93 94 95
4 96 97 98 99
4 100 101 102 103
4 104 105 106 107
4 108 109 110 111
4 112 113 114 115
4 116 117 118 119
4 120 121 122 123
4 124 125 126 127
4 128 129 130 131
4OFF
164 41 0

1.061 0 0 0.1076
1.061 0 0 0.1076
1.0592 0 0 0.1076
1.0592 0 0 0.0989
1.0413 0 0 0.1076
1.0413 0 0 0.0962351
1.0592 0 0 0.0989
1.0592 0 0 0.1076
1.0304 0 0 0.1076
1.0304 0 0 0.0902
1.0413 0 0 0.0962351
1.0413 0 0 0.1076
1.0322 0 0 -0.0913
1.0322 0 0 -0.0913
1.0304 0 0 -0.0910064
1.0304 0 0 -0.1
1.00815 0 0 0.1076
1.00815 0 0 0.0661285
1.0304 0 0 0.0902
1.0304 0 0 0.1076
1.01157 0 0 -0.0879367
1.01157 0 0 -0.1
1.0304 0 0 -0.1
1.0304 0 0 -0.0910064
1.0013 0 0 -0.076
1.0013 0 0 -0.1
1.01157 0 0 -0.1
1.01157 0 0 -0.0879367
1.0058 0 0 0.0884
1.0058 0 0 0.0635845
1.00815 0 0 0.0661285
1.00815 0 0 0.0947165
1.0031 0 0 0.1076
1.0031 0 0 0.0977
1.00815 0 0 0.0947165
1.00815 0 0 0.1076
0.960803 0 0 0.0331
0.960803 0 0 0.0149
1.0058 0 0 0.0635845
1.0058 0 0 0.0884
0.992003 0 0 0.1076
0.992003 0 0 0.0987324
1.0031 0 0 0.0977
1.0031 0 0 0.1076
0.972525 0 0 -0.0114094
0.972525 0 0 -0.1
1.0013 0 0 -0.1
1.0013 0 0 -0.076
0.990202 0 0 0.0989
0.990202 0 0 0.0989
0.992003 0 0 0.0987324
0.992003 0 0 0.1076
0.971602 0 0 -0.00933634
0.971602 0 0 -0.079
0.972525 0 0 -0.0866711
0.972525 0 0 -0.0114094
0.966503 0 0 -0.0898
0.966503 0 0 -0.1
0.972525 0 0 -0.1
0.972525 0 0 -0.0866711
0.960803 0 0 0.0149
0.960803 0 0 -0.0536242
0.971602 0 0 -0.079
0.971602 0 0 -0.00933634
0.950901 0 0 -0.0913
0.950901 0 0 -0.1
0.966503 0 0 -0.1
0.966503 0 0 -0.0898
0.956002 0 0 0.0272
0.956002 0 0 -0.0423421
0.960803 0 0 -0.0536242
0.960803 0 0 0.0331
0.9554 0 0 0.0272
0.9554 0 0 -0.0409276
0.956002 0 0 -0.0423421
0.956002 0 0 0.0272
0.941601 0 0 0.0606885
0.941601 0 0 -0.0085
0.9554 0 0 -0.0409276
0.9554 0 0 0.0272
0.953303 0 0 0.1076
0.953303 0 0 0.1076
0.951503 0 0 0.1076
0.951503 0 0 0.0989
0.935903 0 0 0.1076
0.935903 0 0 0.0977
0.951503 0 0 0.0989
0.951503 0 0 0.1076
0.949402 0 0 -0.1
0.949402 0 0 -0.1
0.950901 0 0 -0.1
0.950901 0 0 -0.0913
0.940401 0 0 0.0636027
0.940401 0 0 -0.0085
0.941601 0 0 -0.0085
0.941601 0 0 0.0606885
0.935601 0 0 0.0752501
0.935601 0 0 -0.0147782
0.940401 0 0 -0.0085
0.940401 0 0 0.0636027
0.929966 0 0 0.1076
0.929966 0 0 0.094646
0.935903 0 0 0.0977
0.935903 0 0 0.1076
0.930801 0 0 0.0869
0.930801 0 0 0.0161117
0.935601 0 0 0.0047
0.935601 0 0 0.0752501
0.884901 0 0 -0.0545933
0.884901 0 0 -0.0811
0.935601 0 0 -0.0147782
0.935601 0 0 0.0047
0.929966 0 0 0.094646
0.929966 0 0 0.0180959
0.930801 0 0 0.0161117
0.930801 0 0 0.0869
0.901402 0 0 0.1076
0.901402 0 0 0.086
0.929966 0 0 0.0180959
0.929966 0 0 0.1076
0.9062 0 0 -0.0913
0.9062 0 0 -0.0913
0.9044 0 0 -0.0911105
0.9044 0 0 -0.1
0.889101 0 0 -0.0895
0.889101 0 0 -0.1
0.9044 0 0 -0.1
0.9044 0 0 -0.0911105
0.892393 0 0 0.1076
0.892393 0 0 0.0958202
0.901402 0 0 0.086
0.901402 0 0 0.1076
0.875301 0 0 0.1076
0.875301 0 0 0.0986065
0.892393 0 0 0.0958202
0.892393 0 0 0.1076
0.883618 0 0 -0.0868867
0.883618 0 0 -0.1
0.889101 0 0 -0.1
0.889101 0 0 -0.0895
0.883618 0 0 -0.0560935
0.883618 0 0 -0.0868867
0.884901 0 0 -0.0811
0.884901 0 0 -0.0545933
0.864801 0 0 -0.0781
0.864801 0 0 -0.1
0.883618 0 0 -0.1
0.883618 0 0 -0.0560935
0.873501 0 0 0.0989
0.873501 0 0 0.0989
0.875301 0 0 0.0986065
0.875301 0 0 0.1076
0.851507 0 0 -0.0878664
0.851507 0 0 -0.1
0.864801 0 0 -0.1
0.864801 0 0 -0.0781
0.831503 0 0 -0.0913
0.831503 0 0 -0.1
0.851507 0 0 -0.1
0.851507 0 0 -0.0878664
0.829702 0 0 -0.1
0.829702 0 0 -0.1
0.831503 0 0 -0.1
0.831503 0 0 -0.0913

4 0 1 2 3
4 4 5 6 7
4 8 9 10 11
4 12 13 14 15
4 16 17 18 19
4 20 21 22 23
4 24 25 26 27
4 28 29 30 31
4 32 33 34 35
4 36 37 38 39
4 40 41 42 43
4 44 45 46 47
4 48 49 50 51
4 52 53 54 55
4 56 57 58 59
4 60 61 62 63
4 64 65 66 67
4 68 69 70 71
4 72 73 74 75
4 76 77 78 79
4 80 81 82 83
4 84 85 86 87
4 88 89 90 91
4 92 93 94 95
4 96 97 98 99
4 100 101 102 103
4 104 105 106 107
4 108 109 110 111
4 112 113 114 115
4 116 117 118 119
4 120 121 122 123
4 124 125 126 127
4 128 129 130 131
4 132 133 134 135
4 136 137 138 139
4 140 141 142 143
4 144 145 146 147
4 148 149 150 151
4 152 153 154 155
4 156 157 158 159
4 160 161 162 163
4OFF
164 41 0

1.061 0.1076 0 0
1.061 0.1076 0 0
1.0592 0.1076 0 0
1.0592 0.0989 0 0
1.0413 0.1076 0 0
1.0413 0.0962351 0 0
1.0592 0.0989 0 0
1.0592 0.1076 0 0
1.0304 0.1076 0 0
1.0304 0.0902 0 0
1.0413 0.0962351 0 0
1.0413 0.1076 0 0
1.0322 -0.0913 0 0
1.0322 -0.0913 0 0
1.0304 -0.0910064 0 0
1.0304 -0.1 0 0
1.00815 0.1076 0 0
1.00815 0.0661285 0 0
1.0304 0.0902 0 0
1.0304 0.1076 0 0
1.01157 -0.0879367 0 0
1.01157 -0.1 0 0
1.0304 -0.1 0 0
1.0304 -0.0910064 0 0
1.0013 -0.076 0 0
1.0013 -0.1 0 0
1.01157 -0.1 0 0
1.01157 -0.0879367 0 0
1.0058 0.0884 0 0
1.0058 0.0635845 0 0
1.00815 0.0661285 0 0
1.00815 0.0947165 0 0
1.0031 0.1076 0 0
1.0031 0.0977 0 0
1.00815 0.0947165 0 0
1.00815 0.1076 0 0
0.960803 0.0331 0 0
0.960803 0.0149 0 0
1.0058 0.0635845 0 0
1.0058 0.0884 0 0
0.992003 0.1076 0 0
0.992003 0.0987324 0 0
1.0031 0.0977 0 0
1.0031 0.1076 0 0
0.972525 -0.0114094 0 0
0.972525 -0.1 0 0
1.0013 -0.1 0 0
1.0013 -0.076 0 0
0.990202 0.0989 0 0
0.990202 0.0989 0 0
0.992003 0.0987324 0 0
0.992003 0.1076 0 0
0.971602 -0.00933634 0 0
0.971602 -0.079 0 0
0.972525 -0.0866711 0 0
0.972525 -0.0114094 0 0
0.966503 -0.0898 0 0
0.966503 -0.1 0 0
0.972525 -0.1 0 0
0.972525 -0.0866711 0 0
0.960803 0.0149 0 0
0.960803 -0.0536242 0 0
0.971602 -0.079 0 0
0.971602 -0.00933634 0 0
0.950901 -0.0913 0 0
0.950901 -0.1 0 0
0.966503 -0.1 0 0
0.966503 -0.0898 0 0
0.956002 0.0272 0 0
0.956002 -0.0423421 0 0
0.960803 -0.0536242 0 0
0.960803 0.0331 0 0
0.9554 0.0272 0 0
0.9554 -0.0409276 0 0
0.956002 -0.0423421 0 0
0.956002 0.0272 0 0
0.941601 0.0606885 0 0
0.941601 -0.0085 0 0
0.9554 -0.0409276 0 0
0.9554 0.0272 0 0
0.953303 0.1076 0 0
0.953303 0.1076 0 0
0.951503 0.1076 0 0
0.951503 0.0989 0 0
0.935903 0.1076 0 0
0.935903 0.0977 0 0
0.951503 0.0989 0 0
0.951503 0.1076 0 0
0.949402 -0.1 0 0
0.949402 -0.1 0 0
0.950901 -0.1 0 0
0.950901 -0.0913 0 0
0.940401 0.0636027 0 0
0.940401 -0.0085 0 0
0.941601 -0.0085 0 0
0.941601 0.0606885 0 0
0.935601 0.0752501 0 0
0.935601 -0.0147782 0 0
0.940401 -0.0085 0 0
0.940401 0.0636027 0 0
0.929966 0.1076 0 0
0.929966 0.094646 0 0
0.935903 0.0977 0 0
0.935903 0.1076 0 0
0.930801 0.0869 0 0
0.930801 0.0161117 0 0
0.935601 0.0047 0 0
0.935601 0.0752501 0 0
0.884901 -0.0545933 0 0
0.884901 -0.0811 0 0
0.935601 -0.0147782 0 0
0.935601 0.0047 0 0
0.929966 0.094646 0 0
0.929966 0.0180959 0 0
0.930801 0.0161117 0 0
0.930801 0.0869 0 0
0.901402 0.1076 0 0
0.901402 0.086 0 0
0.929966 0.0180959 0 0
0.929966 0.1076 0 0
0.9062 -0.0913 0 0
0.9062 -0.0913 0 0
0.9044 -0.0911105 0 0
0.9044 -0.1 0 0
0.889101 -0.0895 0 0
0.889101 -0.1 0 0
0.9044 -0.1 0 0
0.9044 -0.0911105 0 0
0.892393 0.1076 0 0
0.892393 0.0958202 0 0
0.901402 0.086 0 0
0.901402 0.1076 0 0
0.875301 0.1076 0 0
0.875301 0.0986065 0 0
0.892393 0.0958202 0 0
0.892393 0.1076 0 0
0.883618 -0.0868867 0 0
0.883618 -0.1 0 0
0.889101 -0.1 0 0
0.889101 -0.0895 0 0
0.883618 -0.0560935 0 0
0.883618 -0.0868867 0 0
0.884901 -0.0811 0 0
0.884901 -0.0545933 0 0
0.864801 -0.0781 0 0
0.864801 -0.1 0 0
0.883618 -0.1 0 0
0.883618 -0.0560935 0 0
0.873501 0.0989 0 0
0.873501 0.0989 0 0
0.875301 0.0986065 0 0
0.875301 0.1076 0 0
0.851507 -0.0878664 0 0
0.851507 -0.1 0 0
0.864801 -0.1 0 0
0.864801 -0.0781 0 0
0.831503 -0.0913 0 0
0.831503 -0.1 0 0
0.851507 -0.1 0 0
0.851507 -0.0878664 0 0
0.829702 -0.1 0 0
0.829702 -0.1 0 0
0.831503 -0.1 0 0
0.831503 -0.0913 0 0

4 0 1 2 3
4 4 5 6 7
4 8 9 10 11
4 12 13 14 15
4 16 17 18 19
4 20 21 22 23
4 24 25 26 27
4 28 29 30 31
4 32 33 34 35
4 36 37 38 39
4 40 41 42 43
4 44 45 46 47
4 48 49 50 51
4 52 53 54 55
4 56 57 58 59
4 60 61 62 63
4 64 65 66 67
4 68 69 70 71
4 72 73 74 75
4 76 77 78 79
4 80 81 82 83
4 84 85 86 87
4 88 89 90 91
4 92 93 94 95
4 96 97 98 99
4 100 101 102 103
4 104 105 106 107
4 108 109 110 111
4 112 113 114 115
4 116 117 118 119
4 120 121 122 123
4 124 125 126 127
4 128 129 130 131
4 132 133 134 135
4 136 137 138 139
4 140 141 142 143
4 144 145 146 147
4 148 149 150 151
4 152 153 154 155
4 156 157 158 159
4 160 161 162 163
