appearance {shading smooth}
LIST
nMESH 5
2 2
-0.400000 -0.384000 -0.400000 -0.400000 -0.400000 
0.400000 -0.384000 -0.400000 -0.400000 -0.400000 
-0.400000 -0.416000 -0.400000 -0.400000 -0.400000 
0.400000 -0.416000 -0.400000 -0.400000 -0.400000 
nMESH 5
2 2
-0.400000 -0.400000 -0.384000 -0.400000 -0.400000 
0.400000 -0.400000 -0.384000 -0.400000 -0.400000 
-0.400000 -0.400000 -0.416000 -0.400000 -0.400000 
0.400000 -0.400000 -0.416000 -0.400000 -0.400000 
nMESH 5
2 2
-0.400000 -0.400000 -0.400000 -0.384000 -0.400000 
0.400000 -0.400000 -0.400000 -0.384000 -0.400000 
-0.400000 -0.400000 -0.400000 -0.416000 -0.400000 
0.400000 -0.400000 -0.400000 -0.416000 -0.400000 
nMESH 5
2 2
-0.400000 -0.400000 -0.400000 -0.400000 -0.384000 
0.400000 -0.400000 -0.400000 -0.400000 -0.384000 
-0.400000 -0.400000 -0.400000 -0.400000 -0.416000 
0.400000 -0.400000 -0.400000 -0.400000 -0.416000 
nMESH 5
2 2
-0.384000 -0.400000 -0.400000 -0.400000 -0.400000 
-0.384000 0.400000 -0.400000 -0.400000 -0.400000 
-0.416000 -0.400000 -0.400000 -0.400000 -0.400000 
-0.416000 0.400000 -0.400000 -0.400000 -0.400000 
nMESH 5
2 2
-0.400000 -0.400000 -0.384000 -0.400000 -0.400000 
-0.400000 0.400000 -0.384000 -0.400000 -0.400000 
-0.400000 -0.400000 -0.416000 -0.400000 -0.400000 
-0.400000 0.400000 -0.416000 -0.400000 -0.400000 
nMESH 5
2 2
-0.400000 -0.400000 -0.400000 -0.384000 -0.400000 
-0.400000 0.400000 -0.400000 -0.384000 -0.400000 
-0.400000 -0.400000 -0.400000 -0.416000 -0.400000 
-0.400000 0.400000 -0.400000 -0.416000 -0.400000 
nMESH 5
2 2
-0.400000 -0.400000 -0.400000 -0.400000 -0.384000 
-0.400000 0.400000 -0.400000 -0.400000 -0.384000 
-0.400000 -0.400000 -0.400000 -0.400000 -0.416000 
-0.400000 0.400000 -0.400000 -0.400000 -0.416000 
nMESH 5
2 2
-0.384000 -0.400000 -0.400000 -0.400000 -0.400000 
-0.384000 -0.400000 0.400000 -0.400000 -0.400000 
-0.416000 -0.400000 -0.400000 -0.400000 -0.400000 
-0.416000 -0.400000 0.400000 -0.400000 -0.400000 
nMESH 5
2 2
-0.400000 -0.384000 -0.400000 -0.400000 -0.400000 
-0.400000 -0.384000 0.400000 -0.400000 -0.400000 
-0.400000 -0.416000 -0.400000 -0.400000 -0.400000 
-0.400000 -0.416000 0.400000 -0.400000 -0.400000 
nMESH 5
2 2
-0.400000 -0.400000 -0.400000 -0.384000 -0.400000 
-0.400000 -0.400000 0.400000 -0.384000 -0.400000 
-0.400000 -0.400000 -0.400000 -0.416000 -0.400000 
-0.400000 -0.400000 0.400000 -0.416000 -0.400000 
nMESH 5
2 2
-0.400000 -0.400000 -0.400000 -0.400000 -0.384000 
-0.400000 -0.400000 0.400000 -0.400000 -0.384000 
-0.400000 -0.400000 -0.400000 -0.400000 -0.416000 
-0.400000 -0.400000 0.400000 -0.400000 -0.416000 
nMESH 5
2 2
-0.384000 -0.400000 -0.400000 -0.400000 -0.400000 
-0.384000 -0.400000 -0.400000 0.400000 -0.400000 
-0.416000 -0.400000 -0.400000 -0.400000 -0.400000 
-0.416000 -0.400000 -0.400000 0.400000 -0.400000 
nMESH 5
2 2
-0.400000 -0.384000 -0.400000 -0.400000 -0.400000 
-0.400000 -0.384000 -0.400000 0.400000 -0.400000 
-0.400000 -0.416000 -0.400000 -0.400000 -0.400000 
-0.400000 -0.416000 -0.400000 0.400000 -0.400000 
nMESH 5
2 2
-0.400000 -0.400000 -0.384000 -0.400000 -0.400000 
-0.400000 -0.400000 -0.384000 0.400000 -0.400000 
-0.400000 -0.400000 -0.416000 -0.400000 -0.400000 
-0.400000 -0.400000 -0.416000 0.400000 -0.400000 
nMESH 5
2 2
-0.400000 -0.400000 -0.400000 -0.400000 -0.384000 
-0.400000 -0.400000 -0.400000 0.400000 -0.384000 
-0.400000 -0.400000 -0.400000 -0.400000 -0.416000 
-0.400000 -0.400000 -0.400000 0.400000 -0.416000 
nMESH 5
2 2
-0.384000 -0.400000 -0.400000 -0.400000 -0.400000 
-0.384000 -0.400000 -0.400000 -0.400000 0.400000 
-0.416000 -0.400000 -0.400000 -0.400000 -0.400000 
-0.416000 -0.400000 -0.400000 -0.400000 0.400000 
nMESH 5
2 2
-0.400000 -0.384000 -0.400000 -0.400000 -0.400000 
-0.400000 -0.384000 -0.400000 -0.400000 0.400000 
-0.400000 -0.416000 -0.400000 -0.400000 -0.400000 
-0.400000 -0.416000 -0.400000 -0.400000 0.400000 
nMESH 5
2 2
-0.400000 -0.400000 -0.384000 -0.400000 -0.400000 
-0.400000 -0.400000 -0.384000 -0.400000 0.400000 
-0.400000 -0.400000 -0.416000 -0.400000 -0.400000 
-0.400000 -0.400000 -0.416000 -0.400000 0.400000 
nMESH 5
2 2
-0.400000 -0.400000 -0.400000 -0.384000 -0.400000 
-0.400000 -0.400000 -0.400000 -0.384000 0.400000 
-0.400000 -0.400000 -0.400000 -0.416000 -0.400000 
-0.400000 -0.400000 -0.400000 -0.416000 0.400000 
nMESH 5
2 2
0.416000 -0.400000 -0.400000 -0.400000 -0.400000 
0.416000 0.400000 -0.400000 -0.400000 -0.400000 
0.384000 -0.400000 -0.400000 -0.400000 -0.400000 
0.384000 0.400000 -0.400000 -0.400000 -0.400000 
nMESH 5
2 2
0.400000 -0.400000 -0.384000 -0.400000 -0.400000 
0.400000 0.400000 -0.384000 -0.400000 -0.400000 
0.400000 -0.400000 -0.416000 -0.400000 -0.400000 
0.400000 0.400000 -0.416000 -0.400000 -0.400000 
nMESH 5
2 2
0.400000 -0.400000 -0.400000 -0.384000 -0.400000 
0.400000 0.400000 -0.400000 -0.384000 -0.400000 
0.400000 -0.400000 -0.400000 -0.416000 -0.400000 
0.400000 0.400000 -0.400000 -0.416000 -0.400000 
nMESH 5
2 2
0.400000 -0.400000 -0.400000 -0.400000 -0.384000 
0.400000 0.400000 -0.400000 -0.400000 -0.384000 
0.400000 -0.400000 -0.400000 -0.400000 -0.416000 
0.400000 0.400000 -0.400000 -0.400000 -0.416000 
nMESH 5
2 2
0.416000 -0.400000 -0.400000 -0.400000 -0.400000 
0.416000 -0.400000 0.400000 -0.400000 -0.400000 
0.384000 -0.400000 -0.400000 -0.400000 -0.400000 
0.384000 -0.400000 0.400000 -0.400000 -0.400000 
nMESH 5
2 2
0.400000 -0.384000 -0.400000 -0.400000 -0.400000 
0.400000 -0.384000 0.400000 -0.400000 -0.400000 
0.400000 -0.416000 -0.400000 -0.400000 -0.400000 
0.400000 -0.416000 0.400000 -0.400000 -0.400000 
nMESH 5
2 2
0.400000 -0.400000 -0.400000 -0.384000 -0.400000 
0.400000 -0.400000 0.400000 -0.384000 -0.400000 
0.400000 -0.400000 -0.400000 -0.416000 -0.400000 
0.400000 -0.400000 0.400000 -0.416000 -0.400000 
nMESH 5
2 2
0.400000 -0.400000 -0.400000 -0.400000 -0.384000 
0.400000 -0.400000 0.400000 -0.400000 -0.384000 
0.400000 -0.400000 -0.400000 -0.400000 -0.416000 
0.400000 -0.400000 0.400000 -0.400000 -0.416000 
nMESH 5
2 2
0.416000 -0.400000 -0.400000 -0.400000 -0.400000 
0.416000 -0.400000 -0.400000 0.400000 -0.400000 
0.384000 -0.400000 -0.400000 -0.400000 -0.400000 
0.384000 -0.400000 -0.400000 0.400000 -0.400000 
nMESH 5
2 2
0.400000 -0.384000 -0.400000 -0.400000 -0.400000 
0.400000 -0.384000 -0.400000 0.400000 -0.400000 
0.400000 -0.416000 -0.400000 -0.400000 -0.400000 
0.400000 -0.416000 -0.400000 0.400000 -0.400000 
nMESH 5
2 2
0.400000 -0.400000 -0.384000 -0.400000 -0.400000 
0.400000 -0.400000 -0.384000 0.400000 -0.400000 
0.400000 -0.400000 -0.416000 -0.400000 -0.400000 
0.400000 -0.400000 -0.416000 0.400000 -0.400000 
nMESH 5
2 2
0.400000 -0.400000 -0.400000 -0.400000 -0.384000 
0.400000 -0.400000 -0.400000 0.400000 -0.384000 
0.400000 -0.400000 -0.400000 -0.400000 -0.416000 
0.400000 -0.400000 -0.400000 0.400000 -0.416000 
nMESH 5
2 2
0.416000 -0.400000 -0.400000 -0.400000 -0.400000 
0.416000 -0.400000 -0.400000 -0.400000 0.400000 
0.384000 -0.400000 -0.400000 -0.400000 -0.400000 
0.384000 -0.400000 -0.400000 -0.400000 0.400000 
nMESH 5
2 2
0.400000 -0.384000 -0.400000 -0.400000 -0.400000 
0.400000 -0.384000 -0.400000 -0.400000 0.400000 
0.400000 -0.416000 -0.400000 -0.400000 -0.400000 
0.400000 -0.416000 -0.400000 -0.400000 0.400000 
nMESH 5
2 2
0.400000 -0.400000 -0.384000 -0.400000 -0.400000 
0.400000 -0.400000 -0.384000 -0.400000 0.400000 
0.400000 -0.400000 -0.416000 -0.400000 -0.400000 
0.400000 -0.400000 -0.416000 -0.400000 0.400000 
nMESH 5
2 2
0.400000 -0.400000 -0.400000 -0.384000 -0.400000 
0.400000 -0.400000 -0.400000 -0.384000 0.400000 
0.400000 -0.400000 -0.400000 -0.416000 -0.400000 
0.400000 -0.400000 -0.400000 -0.416000 0.400000 
nMESH 5
2 2
-0.400000 0.416000 -0.400000 -0.400000 -0.400000 
0.400000 0.416000 -0.400000 -0.400000 -0.400000 
-0.400000 0.384000 -0.400000 -0.400000 -0.400000 
0.400000 0.384000 -0.400000 -0.400000 -0.400000 
nMESH 5
2 2
-0.400000 0.400000 -0.384000 -0.400000 -0.400000 
0.400000 0.400000 -0.384000 -0.400000 -0.400000 
-0.400000 0.400000 -0.416000 -0.400000 -0.400000 
0.400000 0.400000 -0.416000 -0.400000 -0.400000 
nMESH 5
2 2
-0.400000 0.400000 -0.400000 -0.384000 -0.400000 
0.400000 0.400000 -0.400000 -0.384000 -0.400000 
-0.400000 0.400000 -0.400000 -0.416000 -0.400000 
0.400000 0.400000 -0.400000 -0.416000 -0.400000 
nMESH 5
2 2
-0.400000 0.400000 -0.400000 -0.400000 -0.384000 
0.400000 0.400000 -0.400000 -0.400000 -0.384000 
-0.400000 0.400000 -0.400000 -0.400000 -0.416000 
0.400000 0.400000 -0.400000 -0.400000 -0.416000 
nMESH 5
2 2
-0.384000 0.400000 -0.400000 -0.400000 -0.400000 
-0.384000 0.400000 0.400000 -0.400000 -0.400000 
-0.416000 0.400000 -0.400000 -0.400000 -0.400000 
-0.416000 0.400000 0.400000 -0.400000 -0.400000 
nMESH 5
2 2
-0.400000 0.416000 -0.400000 -0.400000 -0.400000 
-0.400000 0.416000 0.400000 -0.400000 -0.400000 
-0.400000 0.384000 -0.400000 -0.400000 -0.400000 
-0.400000 0.384000 0.400000 -0.400000 -0.400000 
nMESH 5
2 2
-0.400000 0.400000 -0.400000 -0.384000 -0.400000 
-0.400000 0.400000 0.400000 -0.384000 -0.400000 
-0.400000 0.400000 -0.400000 -0.416000 -0.400000 
-0.400000 0.400000 0.400000 -0.416000 -0.400000 
nMESH 5
2 2
-0.400000 0.400000 -0.400000 -0.400000 -0.384000 
-0.400000 0.400000 0.400000 -0.400000 -0.384000 
-0.400000 0.400000 -0.400000 -0.400000 -0.416000 
-0.400000 0.400000 0.400000 -0.400000 -0.416000 
nMESH 5
2 2
-0.384000 0.400000 -0.400000 -0.400000 -0.400000 
-0.384000 0.400000 -0.400000 0.400000 -0.400000 
-0.416000 0.400000 -0.400000 -0.400000 -0.400000 
-0.416000 0.400000 -0.400000 0.400000 -0.400000 
nMESH 5
2 2
-0.400000 0.416000 -0.400000 -0.400000 -0.400000 
-0.400000 0.416000 -0.400000 0.400000 -0.400000 
-0.400000 0.384000 -0.400000 -0.400000 -0.400000 
-0.400000 0.384000 -0.400000 0.400000 -0.400000 
nMESH 5
2 2
-0.400000 0.400000 -0.384000 -0.400000 -0.400000 
-0.400000 0.400000 -0.384000 0.400000 -0.400000 
-0.400000 0.400000 -0.416000 -0.400000 -0.400000 
-0.400000 0.400000 -0.416000 0.400000 -0.400000 
nMESH 5
2 2
-0.400000 0.400000 -0.400000 -0.400000 -0.384000 
-0.400000 0.400000 -0.400000 0.400000 -0.384000 
-0.400000 0.400000 -0.400000 -0.400000 -0.416000 
-0.400000 0.400000 -0.400000 0.400000 -0.416000 
nMESH 5
2 2
-0.384000 0.400000 -0.400000 -0.400000 -0.400000 
-0.384000 0.400000 -0.400000 -0.400000 0.400000 
-0.416000 0.400000 -0.400000 -0.400000 -0.400000 
-0.416000 0.400000 -0.400000 -0.400000 0.400000 
nMESH 5
2 2
-0.400000 0.416000 -0.400000 -0.400000 -0.400000 
-0.400000 0.416000 -0.400000 -0.400000 0.400000 
-0.400000 0.384000 -0.400000 -0.400000 -0.400000 
-0.400000 0.384000 -0.400000 -0.400000 0.400000 
nMESH 5
2 2
-0.400000 0.400000 -0.384000 -0.400000 -0.400000 
-0.400000 0.400000 -0.384000 -0.400000 0.400000 
-0.400000 0.400000 -0.416000 -0.400000 -0.400000 
-0.400000 0.400000 -0.416000 -0.400000 0.400000 
nMESH 5
2 2
-0.400000 0.400000 -0.400000 -0.384000 -0.400000 
-0.400000 0.400000 -0.400000 -0.384000 0.400000 
-0.400000 0.400000 -0.400000 -0.416000 -0.400000 
-0.400000 0.400000 -0.400000 -0.416000 0.400000 
nMESH 5
2 2
0.416000 0.400000 -0.400000 -0.400000 -0.400000 
0.416000 0.400000 0.400000 -0.400000 -0.400000 
0.384000 0.400000 -0.400000 -0.400000 -0.400000 
0.384000 0.400000 0.400000 -0.400000 -0.400000 
nMESH 5
2 2
0.400000 0.416000 -0.400000 -0.400000 -0.400000 
0.400000 0.416000 0.400000 -0.400000 -0.400000 
0.400000 0.384000 -0.400000 -0.400000 -0.400000 
0.400000 0.384000 0.400000 -0.400000 -0.400000 
nMESH 5
2 2
0.400000 0.400000 -0.400000 -0.384000 -0.400000 
0.400000 0.400000 0.400000 -0.384000 -0.400000 
0.400000 0.400000 -0.400000 -0.416000 -0.400000 
0.400000 0.400000 0.400000 -0.416000 -0.400000 
nMESH 5
2 2
0.400000 0.400000 -0.400000 -0.400000 -0.384000 
0.400000 0.400000 0.400000 -0.400000 -0.384000 
0.400000 0.400000 -0.400000 -0.400000 -0.416000 
0.400000 0.400000 0.400000 -0.400000 -0.416000 
nMESH 5
2 2
0.416000 0.400000 -0.400000 -0.400000 -0.400000 
0.416000 0.400000 -0.400000 0.400000 -0.400000 
0.384000 0.400000 -0.400000 -0.400000 -0.400000 
0.384000 0.400000 -0.400000 0.400000 -0.400000 
nMESH 5
2 2
0.400000 0.416000 -0.400000 -0.400000 -0.400000 
0.400000 0.416000 -0.400000 0.400000 -0.400000 
0.400000 0.384000 -0.400000 -0.400000 -0.400000 
0.400000 0.384000 -0.400000 0.400000 -0.400000 
nMESH 5
2 2
0.400000 0.400000 -0.384000 -0.400000 -0.400000 
0.400000 0.400000 -0.384000 0.400000 -0.400000 
0.400000 0.400000 -0.416000 -0.400000 -0.400000 
0.400000 0.400000 -0.416000 0.400000 -0.400000 
nMESH 5
2 2
0.400000 0.400000 -0.400000 -0.400000 -0.384000 
0.400000 0.400000 -0.400000 0.400000 -0.384000 
0.400000 0.400000 -0.400000 -0.400000 -0.416000 
0.400000 0.400000 -0.400000 0.400000 -0.416000 
nMESH 5
2 2
0.416000 0.400000 -0.400000 -0.400000 -0.400000 
0.416000 0.400000 -0.400000 -0.400000 0.400000 
0.384000 0.400000 -0.400000 -0.400000 -0.400000 
0.384000 0.400000 -0.400000 -0.400000 0.400000 
nMESH 5
2 2
0.400000 0.416000 -0.400000 -0.400000 -0.400000 
0.400000 0.416000 -0.400000 -0.400000 0.400000 
0.400000 0.384000 -0.400000 -0.400000 -0.400000 
0.400000 0.384000 -0.400000 -0.400000 0.400000 
nMESH 5
2 2
0.400000 0.400000 -0.384000 -0.400000 -0.400000 
0.400000 0.400000 -0.384000 -0.400000 0.400000 
0.400000 0.400000 -0.416000 -0.400000 -0.400000 
0.400000 0.400000 -0.416000 -0.400000 0.400000 
nMESH 5
2 2
0.400000 0.400000 -0.400000 -0.384000 -0.400000 
0.400000 0.400000 -0.400000 -0.384000 0.400000 
0.400000 0.400000 -0.400000 -0.416000 -0.400000 
0.400000 0.400000 -0.400000 -0.416000 0.400000 
nMESH 5
2 2
-0.400000 -0.384000 0.400000 -0.400000 -0.400000 
0.400000 -0.384000 0.400000 -0.400000 -0.400000 
-0.400000 -0.416000 0.400000 -0.400000 -0.400000 
0.400000 -0.416000 0.400000 -0.400000 -0.400000 
nMESH 5
2 2
-0.400000 -0.400000 0.416000 -0.400000 -0.400000 
0.400000 -0.400000 0.416000 -0.400000 -0.400000 
-0.400000 -0.400000 0.384000 -0.400000 -0.400000 
0.400000 -0.400000 0.384000 -0.400000 -0.400000 
nMESH 5
2 2
-0.400000 -0.400000 0.400000 -0.384000 -0.400000 
0.400000 -0.400000 0.400000 -0.384000 -0.400000 
-0.400000 -0.400000 0.400000 -0.416000 -0.400000 
0.400000 -0.400000 0.400000 -0.416000 -0.400000 
nMESH 5
2 2
-0.400000 -0.400000 0.400000 -0.400000 -0.384000 
0.400000 -0.400000 0.400000 -0.400000 -0.384000 
-0.400000 -0.400000 0.400000 -0.400000 -0.416000 
0.400000 -0.400000 0.400000 -0.400000 -0.416000 
nMESH 5
2 2
-0.384000 -0.400000 0.400000 -0.400000 -0.400000 
-0.384000 0.400000 0.400000 -0.400000 -0.400000 
-0.416000 -0.400000 0.400000 -0.400000 -0.400000 
-0.416000 0.400000 0.400000 -0.400000 -0.400000 
nMESH 5
2 2
-0.400000 -0.400000 0.416000 -0.400000 -0.400000 
-0.400000 0.400000 0.416000 -0.400000 -0.400000 
-0.400000 -0.400000 0.384000 -0.400000 -0.400000 
-0.400000 0.400000 0.384000 -0.400000 -0.400000 
nMESH 5
2 2
-0.400000 -0.400000 0.400000 -0.384000 -0.400000 
-0.400000 0.400000 0.400000 -0.384000 -0.400000 
-0.400000 -0.400000 0.400000 -0.416000 -0.400000 
-0.400000 0.400000 0.400000 -0.416000 -0.400000 
nMESH 5
2 2
-0.400000 -0.400000 0.400000 -0.400000 -0.384000 
-0.400000 0.400000 0.400000 -0.400000 -0.384000 
-0.400000 -0.400000 0.400000 -0.400000 -0.416000 
-0.400000 0.400000 0.400000 -0.400000 -0.416000 
nMESH 5
2 2
-0.384000 -0.400000 0.400000 -0.400000 -0.400000 
-0.384000 -0.400000 0.400000 0.400000 -0.400000 
-0.416000 -0.400000 0.400000 -0.400000 -0.400000 
-0.416000 -0.400000 0.400000 0.400000 -0.400000 
nMESH 5
2 2
-0.400000 -0.384000 0.400000 -0.400000 -0.400000 
-0.400000 -0.384000 0.400000 0.400000 -0.400000 
-0.400000 -0.416000 0.400000 -0.400000 -0.400000 
-0.400000 -0.416000 0.400000 0.400000 -0.400000 
nMESH 5
2 2
-0.400000 -0.400000 0.416000 -0.400000 -0.400000 
-0.400000 -0.400000 0.416000 0.400000 -0.400000 
-0.400000 -0.400000 0.384000 -0.400000 -0.400000 
-0.400000 -0.400000 0.384000 0.400000 -0.400000 
nMESH 5
2 2
-0.400000 -0.400000 0.400000 -0.400000 -0.384000 
-0.400000 -0.400000 0.400000 0.400000 -0.384000 
-0.400000 -0.400000 0.400000 -0.400000 -0.416000 
-0.400000 -0.400000 0.400000 0.400000 -0.416000 
nMESH 5
2 2
-0.384000 -0.400000 0.400000 -0.400000 -0.400000 
-0.384000 -0.400000 0.400000 -0.400000 0.400000 
-0.416000 -0.400000 0.400000 -0.400000 -0.400000 
-0.416000 -0.400000 0.400000 -0.400000 0.400000 
nMESH 5
2 2
-0.400000 -0.384000 0.400000 -0.400000 -0.400000 
-0.400000 -0.384000 0.400000 -0.400000 0.400000 
-0.400000 -0.416000 0.400000 -0.400000 -0.400000 
-0.400000 -0.416000 0.400000 -0.400000 0.400000 
nMESH 5
2 2
-0.400000 -0.400000 0.416000 -0.400000 -0.400000 
-0.400000 -0.400000 0.416000 -0.400000 0.400000 
-0.400000 -0.400000 0.384000 -0.400000 -0.400000 
-0.400000 -0.400000 0.384000 -0.400000 0.400000 
nMESH 5
2 2
-0.400000 -0.400000 0.400000 -0.384000 -0.400000 
-0.400000 -0.400000 0.400000 -0.384000 0.400000 
-0.400000 -0.400000 0.400000 -0.416000 -0.400000 
-0.400000 -0.400000 0.400000 -0.416000 0.400000 
nMESH 5
2 2
0.416000 -0.400000 0.400000 -0.400000 -0.400000 
0.416000 0.400000 0.400000 -0.400000 -0.400000 
0.384000 -0.400000 0.400000 -0.400000 -0.400000 
0.384000 0.400000 0.400000 -0.400000 -0.400000 
nMESH 5
2 2
0.400000 -0.400000 0.416000 -0.400000 -0.400000 
0.400000 0.400000 0.416000 -0.400000 -0.400000 
0.400000 -0.400000 0.384000 -0.400000 -0.400000 
0.400000 0.400000 0.384000 -0.400000 -0.400000 
nMESH 5
2 2
0.400000 -0.400000 0.400000 -0.384000 -0.400000 
0.400000 0.400000 0.400000 -0.384000 -0.400000 
0.400000 -0.400000 0.400000 -0.416000 -0.400000 
0.400000 0.400000 0.400000 -0.416000 -0.400000 
nMESH 5
2 2
0.400000 -0.400000 0.400000 -0.400000 -0.384000 
0.400000 0.400000 0.400000 -0.400000 -0.384000 
0.400000 -0.400000 0.400000 -0.400000 -0.416000 
0.400000 0.400000 0.400000 -0.400000 -0.416000 
nMESH 5
2 2
0.416000 -0.400000 0.400000 -0.400000 -0.400000 
0.416000 -0.400000 0.400000 0.400000 -0.400000 
0.384000 -0.400000 0.400000 -0.400000 -0.400000 
0.384000 -0.400000 0.400000 0.400000 -0.400000 
nMESH 5
2 2
0.400000 -0.384000 0.400000 -0.400000 -0.400000 
0.400000 -0.384000 0.400000 0.400000 -0.400000 
0.400000 -0.416000 0.400000 -0.400000 -0.400000 
0.400000 -0.416000 0.400000 0.400000 -0.400000 
nMESH 5
2 2
0.400000 -0.400000 0.416000 -0.400000 -0.400000 
0.400000 -0.400000 0.416000 0.400000 -0.400000 
0.400000 -0.400000 0.384000 -0.400000 -0.400000 
0.400000 -0.400000 0.384000 0.400000 -0.400000 
nMESH 5
2 2
0.400000 -0.400000 0.400000 -0.400000 -0.384000 
0.400000 -0.400000 0.400000 0.400000 -0.384000 
0.400000 -0.400000 0.400000 -0.400000 -0.416000 
0.400000 -0.400000 0.400000 0.400000 -0.416000 
nMESH 5
2 2
0.416000 -0.400000 0.400000 -0.400000 -0.400000 
0.416000 -0.400000 0.400000 -0.400000 0.400000 
0.384000 -0.400000 0.400000 -0.400000 -0.400000 
0.384000 -0.400000 0.400000 -0.400000 0.400000 
nMESH 5
2 2
0.400000 -0.384000 0.400000 -0.400000 -0.400000 
0.400000 -0.384000 0.400000 -0.400000 0.400000 
0.400000 -0.416000 0.400000 -0.400000 -0.400000 
0.400000 -0.416000 0.400000 -0.400000 0.400000 
nMESH 5
2 2
0.400000 -0.400000 0.416000 -0.400000 -0.400000 
0.400000 -0.400000 0.416000 -0.400000 0.400000 
0.400000 -0.400000 0.384000 -0.400000 -0.400000 
0.400000 -0.400000 0.384000 -0.400000 0.400000 
nMESH 5
2 2
0.400000 -0.400000 0.400000 -0.384000 -0.400000 
0.400000 -0.400000 0.400000 -0.384000 0.400000 
0.400000 -0.400000 0.400000 -0.416000 -0.400000 
0.400000 -0.400000 0.400000 -0.416000 0.400000 
nMESH 5
2 2
-0.400000 0.416000 0.400000 -0.400000 -0.400000 
0.400000 0.416000 0.400000 -0.400000 -0.400000 
-0.400000 0.384000 0.400000 -0.400000 -0.400000 
0.400000 0.384000 0.400000 -0.400000 -0.400000 
nMESH 5
2 2
-0.400000 0.400000 0.416000 -0.400000 -0.400000 
0.400000 0.400000 0.416000 -0.400000 -0.400000 
-0.400000 0.400000 0.384000 -0.400000 -0.400000 
0.400000 0.400000 0.384000 -0.400000 -0.400000 
nMESH 5
2 2
-0.400000 0.400000 0.400000 -0.384000 -0.400000 
0.400000 0.400000 0.400000 -0.384000 -0.400000 
-0.400000 0.400000 0.400000 -0.416000 -0.400000 
0.400000 0.400000 0.400000 -0.416000 -0.400000 
nMESH 5
2 2
-0.400000 0.400000 0.400000 -0.400000 -0.384000 
0.400000 0.400000 0.400000 -0.400000 -0.384000 
-0.400000 0.400000 0.400000 -0.400000 -0.416000 
0.400000 0.400000 0.400000 -0.400000 -0.416000 
nMESH 5
2 2
-0.384000 0.400000 0.400000 -0.400000 -0.400000 
-0.384000 0.400000 0.400000 0.400000 -0.400000 
-0.416000 0.400000 0.400000 -0.400000 -0.400000 
-0.416000 0.400000 0.400000 0.400000 -0.400000 
nMESH 5
2 2
-0.400000 0.416000 0.400000 -0.400000 -0.400000 
-0.400000 0.416000 0.400000 0.400000 -0.400000 
-0.400000 0.384000 0.400000 -0.400000 -0.400000 
-0.400000 0.384000 0.400000 0.400000 -0.400000 
nMESH 5
2 2
-0.400000 0.400000 0.416000 -0.400000 -0.400000 
-0.400000 0.400000 0.416000 0.400000 -0.400000 
-0.400000 0.400000 0.384000 -0.400000 -0.400000 
-0.400000 0.400000 0.384000 0.400000 -0.400000 
nMESH 5
2 2
-0.400000 0.400000 0.400000 -0.400000 -0.384000 
-0.400000 0.400000 0.400000 0.400000 -0.384000 
-0.400000 0.400000 0.400000 -0.400000 -0.416000 
-0.400000 0.400000 0.400000 0.400000 -0.416000 
nMESH 5
2 2
-0.384000 0.400000 0.400000 -0.400000 -0.400000 
-0.384000 0.400000 0.400000 -0.400000 0.400000 
-0.416000 0.400000 0.400000 -0.400000 -0.400000 
-0.416000 0.400000 0.400000 -0.400000 0.400000 
nMESH 5
2 2
-0.400000 0.416000 0.400000 -0.400000 -0.400000 
-0.400000 0.416000 0.400000 -0.400000 0.400000 
-0.400000 0.384000 0.400000 -0.400000 -0.400000 
-0.400000 0.384000 0.400000 -0.400000 0.400000 
nMESH 5
2 2
-0.400000 0.400000 0.416000 -0.400000 -0.400000 
-0.400000 0.400000 0.416000 -0.400000 0.400000 
-0.400000 0.400000 0.384000 -0.400000 -0.400000 
-0.400000 0.400000 0.384000 -0.400000 0.400000 
nMESH 5
2 2
-0.400000 0.400000 0.400000 -0.384000 -0.400000 
-0.400000 0.400000 0.400000 -0.384000 0.400000 
-0.400000 0.400000 0.400000 -0.416000 -0.400000 
-0.400000 0.400000 0.400000 -0.416000 0.400000 
nMESH 5
2 2
0.416000 0.400000 0.400000 -0.400000 -0.400000 
0.416000 0.400000 0.400000 0.400000 -0.400000 
0.384000 0.400000 0.400000 -0.400000 -0.400000 
0.384000 0.400000 0.400000 0.400000 -0.400000 
nMESH 5
2 2
0.400000 0.416000 0.400000 -0.400000 -0.400000 
0.400000 0.416000 0.400000 0.400000 -0.400000 
0.400000 0.384000 0.400000 -0.400000 -0.400000 
0.400000 0.384000 0.400000 0.400000 -0.400000 
nMESH 5
2 2
0.400000 0.400000 0.416000 -0.400000 -0.400000 
0.400000 0.400000 0.416000 0.400000 -0.400000 
0.400000 0.400000 0.384000 -0.400000 -0.400000 
0.400000 0.400000 0.384000 0.400000 -0.400000 
nMESH 5
2 2
0.400000 0.400000 0.400000 -0.400000 -0.384000 
0.400000 0.400000 0.400000 0.400000 -0.384000 
0.400000 0.400000 0.400000 -0.400000 -0.416000 
0.400000 0.400000 0.400000 0.400000 -0.416000 
nMESH 5
2 2
0.416000 0.400000 0.400000 -0.400000 -0.400000 
0.416000 0.400000 0.400000 -0.400000 0.400000 
0.384000 0.400000 0.400000 -0.400000 -0.400000 
0.384000 0.400000 0.400000 -0.400000 0.400000 
nMESH 5
2 2
0.400000 0.416000 0.400000 -0.400000 -0.400000 
0.400000 0.416000 0.400000 -0.400000 0.400000 
0.400000 0.384000 0.400000 -0.400000 -0.400000 
0.400000 0.384000 0.400000 -0.400000 0.400000 
nMESH 5
2 2
0.400000 0.400000 0.416000 -0.400000 -0.400000 
0.400000 0.400000 0.416000 -0.400000 0.400000 
0.400000 0.400000 0.384000 -0.400000 -0.400000 
0.400000 0.400000 0.384000 -0.400000 0.400000 
nMESH 5
2 2
0.400000 0.400000 0.400000 -0.384000 -0.400000 
0.400000 0.400000 0.400000 -0.384000 0.400000 
0.400000 0.400000 0.400000 -0.416000 -0.400000 
0.400000 0.400000 0.400000 -0.416000 0.400000 
nMESH 5
2 2
-0.400000 -0.384000 -0.400000 0.400000 -0.400000 
0.400000 -0.384000 -0.400000 0.400000 -0.400000 
-0.400000 -0.416000 -0.400000 0.400000 -0.400000 
0.400000 -0.416000 -0.400000 0.400000 -0.400000 
nMESH 5
2 2
-0.400000 -0.400000 -0.384000 0.400000 -0.400000 
0.400000 -0.400000 -0.384000 0.400000 -0.400000 
-0.400000 -0.400000 -0.416000 0.400000 -0.400000 
0.400000 -0.400000 -0.416000 0.400000 -0.400000 
nMESH 5
2 2
-0.400000 -0.400000 -0.400000 0.416000 -0.400000 
0.400000 -0.400000 -0.400000 0.416000 -0.400000 
-0.400000 -0.400000 -0.400000 0.384000 -0.400000 
0.400000 -0.400000 -0.400000 0.384000 -0.400000 
nMESH 5
2 2
-0.400000 -0.400000 -0.400000 0.400000 -0.384000 
0.400000 -0.400000 -0.400000 0.400000 -0.384000 
-0.400000 -0.400000 -0.400000 0.400000 -0.416000 
0.400000 -0.400000 -0.400000 0.400000 -0.416000 
nMESH 5
2 2
-0.384000 -0.400000 -0.400000 0.400000 -0.400000 
-0.384000 0.400000 -0.400000 0.400000 -0.400000 
-0.416000 -0.400000 -0.400000 0.400000 -0.400000 
-0.416000 0.400000 -0.400000 0.400000 -0.400000 
nMESH 5
2 2
-0.400000 -0.400000 -0.384000 0.400000 -0.400000 
-0.400000 0.400000 -0.384000 0.400000 -0.400000 
-0.400000 -0.400000 -0.416000 0.400000 -0.400000 
-0.400000 0.400000 -0.416000 0.400000 -0.400000 
nMESH 5
2 2
-0.400000 -0.400000 -0.400000 0.416000 -0.400000 
-0.400000 0.400000 -0.400000 0.416000 -0.400000 
-0.400000 -0.400000 -0.400000 0.384000 -0.400000 
-0.400000 0.400000 -0.400000 0.384000 -0.400000 
nMESH 5
2 2
-0.400000 -0.400000 -0.400000 0.400000 -0.384000 
-0.400000 0.400000 -0.400000 0.400000 -0.384000 
-0.400000 -0.400000 -0.400000 0.400000 -0.416000 
-0.400000 0.400000 -0.400000 0.400000 -0.416000 
nMESH 5
2 2
-0.384000 -0.400000 -0.400000 0.400000 -0.400000 
-0.384000 -0.400000 0.400000 0.400000 -0.400000 
-0.416000 -0.400000 -0.400000 0.400000 -0.400000 
-0.416000 -0.400000 0.400000 0.400000 -0.400000 
nMESH 5
2 2
-0.400000 -0.384000 -0.400000 0.400000 -0.400000 
-0.400000 -0.384000 0.400000 0.400000 -0.400000 
-0.400000 -0.416000 -0.400000 0.400000 -0.400000 
-0.400000 -0.416000 0.400000 0.400000 -0.400000 
nMESH 5
2 2
-0.400000 -0.400000 -0.400000 0.416000 -0.400000 
-0.400000 -0.400000 0.400000 0.416000 -0.400000 
-0.400000 -0.400000 -0.400000 0.384000 -0.400000 
-0.400000 -0.400000 0.400000 0.384000 -0.400000 
nMESH 5
2 2
-0.400000 -0.400000 -0.400000 0.400000 -0.384000 
-0.400000 -0.400000 0.400000 0.400000 -0.384000 
-0.400000 -0.400000 -0.400000 0.400000 -0.416000 
-0.400000 -0.400000 0.400000 0.400000 -0.416000 
nMESH 5
2 2
-0.384000 -0.400000 -0.400000 0.400000 -0.400000 
-0.384000 -0.400000 -0.400000 0.400000 0.400000 
-0.416000 -0.400000 -0.400000 0.400000 -0.400000 
-0.416000 -0.400000 -0.400000 0.400000 0.400000 
nMESH 5
2 2
-0.400000 -0.384000 -0.400000 0.400000 -0.400000 
-0.400000 -0.384000 -0.400000 0.400000 0.400000 
-0.400000 -0.416000 -0.400000 0.400000 -0.400000 
-0.400000 -0.416000 -0.400000 0.400000 0.400000 
nMESH 5
2 2
-0.400000 -0.400000 -0.384000 0.400000 -0.400000 
-0.400000 -0.400000 -0.384000 0.400000 0.400000 
-0.400000 -0.400000 -0.416000 0.400000 -0.400000 
-0.400000 -0.400000 -0.416000 0.400000 0.400000 
nMESH 5
2 2
-0.400000 -0.400000 -0.400000 0.416000 -0.400000 
-0.400000 -0.400000 -0.400000 0.416000 0.400000 
-0.400000 -0.400000 -0.400000 0.384000 -0.400000 
-0.400000 -0.400000 -0.400000 0.384000 0.400000 
nMESH 5
2 2
0.416000 -0.400000 -0.400000 0.400000 -0.400000 
0.416000 0.400000 -0.400000 0.400000 -0.400000 
0.384000 -0.400000 -0.400000 0.400000 -0.400000 
0.384000 0.400000 -0.400000 0.400000 -0.400000 
nMESH 5
2 2
0.400000 -0.400000 -0.384000 0.400000 -0.400000 
0.400000 0.400000 -0.384000 0.400000 -0.400000 
0.400000 -0.400000 -0.416000 0.400000 -0.400000 
0.400000 0.400000 -0.416000 0.400000 -0.400000 
nMESH 5
2 2
0.400000 -0.400000 -0.400000 0.416000 -0.400000 
0.400000 0.400000 -0.400000 0.416000 -0.400000 
0.400000 -0.400000 -0.400000 0.384000 -0.400000 
0.400000 0.400000 -0.400000 0.384000 -0.400000 
nMESH 5
2 2
0.400000 -0.400000 -0.400000 0.400000 -0.384000 
0.400000 0.400000 -0.400000 0.400000 -0.384000 
0.400000 -0.400000 -0.400000 0.400000 -0.416000 
0.400000 0.400000 -0.400000 0.400000 -0.416000 
nMESH 5
2 2
0.416000 -0.400000 -0.400000 0.400000 -0.400000 
0.416000 -0.400000 0.400000 0.400000 -0.400000 
0.384000 -0.400000 -0.400000 0.400000 -0.400000 
0.384000 -0.400000 0.400000 0.400000 -0.400000 
nMESH 5
2 2
0.400000 -0.384000 -0.400000 0.400000 -0.400000 
0.400000 -0.384000 0.400000 0.400000 -0.400000 
0.400000 -0.416000 -0.400000 0.400000 -0.400000 
0.400000 -0.416000 0.400000 0.400000 -0.400000 
nMESH 5
2 2
0.400000 -0.400000 -0.400000 0.416000 -0.400000 
0.400000 -0.400000 0.400000 0.416000 -0.400000 
0.400000 -0.400000 -0.400000 0.384000 -0.400000 
0.400000 -0.400000 0.400000 0.384000 -0.400000 
nMESH 5
2 2
0.400000 -0.400000 -0.400000 0.400000 -0.384000 
0.400000 -0.400000 0.400000 0.400000 -0.384000 
0.400000 -0.400000 -0.400000 0.400000 -0.416000 
0.400000 -0.400000 0.400000 0.400000 -0.416000 
nMESH 5
2 2
0.416000 -0.400000 -0.400000 0.400000 -0.400000 
0.416000 -0.400000 -0.400000 0.400000 0.400000 
0.384000 -0.400000 -0.400000 0.400000 -0.400000 
0.384000 -0.400000 -0.400000 0.400000 0.400000 
nMESH 5
2 2
0.400000 -0.384000 -0.400000 0.400000 -0.400000 
0.400000 -0.384000 -0.400000 0.400000 0.400000 
0.400000 -0.416000 -0.400000 0.400000 -0.400000 
0.400000 -0.416000 -0.400000 0.400000 0.400000 
nMESH 5
2 2
0.400000 -0.400000 -0.384000 0.400000 -0.400000 
0.400000 -0.400000 -0.384000 0.400000 0.400000 
0.400000 -0.400000 -0.416000 0.400000 -0.400000 
0.400000 -0.400000 -0.416000 0.400000 0.400000 
nMESH 5
2 2
0.400000 -0.400000 -0.400000 0.416000 -0.400000 
0.400000 -0.400000 -0.400000 0.416000 0.400000 
0.400000 -0.400000 -0.400000 0.384000 -0.400000 
0.400000 -0.400000 -0.400000 0.384000 0.400000 
nMESH 5
2 2
-0.400000 0.416000 -0.400000 0.400000 -0.400000 
0.400000 0.416000 -0.400000 0.400000 -0.400000 
-0.400000 0.384000 -0.400000 0.400000 -0.400000 
0.400000 0.384000 -0.400000 0.400000 -0.400000 
nMESH 5
2 2
-0.400000 0.400000 -0.384000 0.400000 -0.400000 
0.400000 0.400000 -0.384000 0.400000 -0.400000 
-0.400000 0.400000 -0.416000 0.400000 -0.400000 
0.400000 0.400000 -0.416000 0.400000 -0.400000 
nMESH 5
2 2
-0.400000 0.400000 -0.400000 0.416000 -0.400000 
0.400000 0.400000 -0.400000 0.416000 -0.400000 
-0.400000 0.400000 -0.400000 0.384000 -0.400000 
0.400000 0.400000 -0.400000 0.384000 -0.400000 
nMESH 5
2 2
-0.400000 0.400000 -0.400000 0.400000 -0.384000 
0.400000 0.400000 -0.400000 0.400000 -0.384000 
-0.400000 0.400000 -0.400000 0.400000 -0.416000 
0.400000 0.400000 -0.400000 0.400000 -0.416000 
nMESH 5
2 2
-0.384000 0.400000 -0.400000 0.400000 -0.400000 
-0.384000 0.400000 0.400000 0.400000 -0.400000 
-0.416000 0.400000 -0.400000 0.400000 -0.400000 
-0.416000 0.400000 0.400000 0.400000 -0.400000 
nMESH 5
2 2
-0.400000 0.416000 -0.400000 0.400000 -0.400000 
-0.400000 0.416000 0.400000 0.400000 -0.400000 
-0.400000 0.384000 -0.400000 0.400000 -0.400000 
-0.400000 0.384000 0.400000 0.400000 -0.400000 
nMESH 5
2 2
-0.400000 0.400000 -0.400000 0.416000 -0.400000 
-0.400000 0.400000 0.400000 0.416000 -0.400000 
-0.400000 0.400000 -0.400000 0.384000 -0.400000 
-0.400000 0.400000 0.400000 0.384000 -0.400000 
nMESH 5
2 2
-0.400000 0.400000 -0.400000 0.400000 -0.384000 
-0.400000 0.400000 0.400000 0.400000 -0.384000 
-0.400000 0.400000 -0.400000 0.400000 -0.416000 
-0.400000 0.400000 0.400000 0.400000 -0.416000 
nMESH 5
2 2
-0.384000 0.400000 -0.400000 0.400000 -0.400000 
-0.384000 0.400000 -0.400000 0.400000 0.400000 
-0.416000 0.400000 -0.400000 0.400000 -0.400000 
-0.416000 0.400000 -0.400000 0.400000 0.400000 
nMESH 5
2 2
-0.400000 0.416000 -0.400000 0.400000 -0.400000 
-0.400000 0.416000 -0.400000 0.400000 0.400000 
-0.400000 0.384000 -0.400000 0.400000 -0.400000 
-0.400000 0.384000 -0.400000 0.400000 0.400000 
nMESH 5
2 2
-0.400000 0.400000 -0.384000 0.400000 -0.400000 
-0.400000 0.400000 -0.384000 0.400000 0.400000 
-0.400000 0.400000 -0.416000 0.400000 -0.400000 
-0.400000 0.400000 -0.416000 0.400000 0.400000 
nMESH 5
2 2
-0.400000 0.400000 -0.400000 0.416000 -0.400000 
-0.400000 0.400000 -0.400000 0.416000 0.400000 
-0.400000 0.400000 -0.400000 0.384000 -0.400000 
-0.400000 0.400000 -0.400000 0.384000 0.400000 
nMESH 5
2 2
0.416000 0.400000 -0.400000 0.400000 -0.400000 
0.416000 0.400000 0.400000 0.400000 -0.400000 
0.384000 0.400000 -0.400000 0.400000 -0.400000 
0.384000 0.400000 0.400000 0.400000 -0.400000 
nMESH 5
2 2
0.400000 0.416000 -0.400000 0.400000 -0.400000 
0.400000 0.416000 0.400000 0.400000 -0.400000 
0.400000 0.384000 -0.400000 0.400000 -0.400000 
0.400000 0.384000 0.400000 0.400000 -0.400000 
nMESH 5
2 2
0.400000 0.400000 -0.400000 0.416000 -0.400000 
0.400000 0.400000 0.400000 0.416000 -0.400000 
0.400000 0.400000 -0.400000 0.384000 -0.400000 
0.400000 0.400000 0.400000 0.384000 -0.400000 
nMESH 5
2 2
0.400000 0.400000 -0.400000 0.400000 -0.384000 
0.400000 0.400000 0.400000 0.400000 -0.384000 
0.400000 0.400000 -0.400000 0.400000 -0.416000 
0.400000 0.400000 0.400000 0.400000 -0.416000 
nMESH 5
2 2
0.416000 0.400000 -0.400000 0.400000 -0.400000 
0.416000 0.400000 -0.400000 0.400000 0.400000 
0.384000 0.400000 -0.400000 0.400000 -0.400000 
0.384000 0.400000 -0.400000 0.400000 0.400000 
nMESH 5
2 2
0.400000 0.416000 -0.400000 0.400000 -0.400000 
0.400000 0.416000 -0.400000 0.400000 0.400000 
0.400000 0.384000 -0.400000 0.400000 -0.400000 
0.400000 0.384000 -0.400000 0.400000 0.400000 
nMESH 5
2 2
0.400000 0.400000 -0.384000 0.400000 -0.400000 
0.400000 0.400000 -0.384000 0.400000 0.400000 
0.400000 0.400000 -0.416000 0.400000 -0.400000 
0.400000 0.400000 -0.416000 0.400000 0.400000 
nMESH 5
2 2
0.400000 0.400000 -0.400000 0.416000 -0.400000 
0.400000 0.400000 -0.400000 0.416000 0.400000 
0.400000 0.400000 -0.400000 0.384000 -0.400000 
0.400000 0.400000 -0.400000 0.384000 0.400000 
nMESH 5
2 2
-0.400000 -0.384000 0.400000 0.400000 -0.400000 
0.400000 -0.384000 0.400000 0.400000 -0.400000 
-0.400000 -0.416000 0.400000 0.400000 -0.400000 
0.400000 -0.416000 0.400000 0.400000 -0.400000 
nMESH 5
2 2
-0.400000 -0.400000 0.416000 0.400000 -0.400000 
0.400000 -0.400000 0.416000 0.400000 -0.400000 
-0.400000 -0.400000 0.384000 0.400000 -0.400000 
0.400000 -0.400000 0.384000 0.400000 -0.400000 
nMESH 5
2 2
-0.400000 -0.400000 0.400000 0.416000 -0.400000 
0.400000 -0.400000 0.400000 0.416000 -0.400000 
-0.400000 -0.400000 0.400000 0.384000 -0.400000 
0.400000 -0.400000 0.400000 0.384000 -0.400000 
nMESH 5
2 2
-0.400000 -0.400000 0.400000 0.400000 -0.384000 
0.400000 -0.400000 0.400000 0.400000 -0.384000 
-0.400000 -0.400000 0.400000 0.400000 -0.416000 
0.400000 -0.400000 0.400000 0.400000 -0.416000 
nMESH 5
2 2
-0.384000 -0.400000 0.400000 0.400000 -0.400000 
-0.384000 0.400000 0.400000 0.400000 -0.400000 
-0.416000 -0.400000 0.400000 0.400000 -0.400000 
-0.416000 0.400000 0.400000 0.400000 -0.400000 
nMESH 5
2 2
-0.400000 -0.400000 0.416000 0.400000 -0.400000 
-0.400000 0.400000 0.416000 0.400000 -0.400000 
-0.400000 -0.400000 0.384000 0.400000 -0.400000 
-0.400000 0.400000 0.384000 0.400000 -0.400000 
nMESH 5
2 2
-0.400000 -0.400000 0.400000 0.416000 -0.400000 
-0.400000 0.400000 0.400000 0.416000 -0.400000 
-0.400000 -0.400000 0.400000 0.384000 -0.400000 
-0.400000 0.400000 0.400000 0.384000 -0.400000 
nMESH 5
2 2
-0.400000 -0.400000 0.400000 0.400000 -0.384000 
-0.400000 0.400000 0.400000 0.400000 -0.384000 
-0.400000 -0.400000 0.400000 0.400000 -0.416000 
-0.400000 0.400000 0.400000 0.400000 -0.416000 
nMESH 5
2 2
-0.384000 -0.400000 0.400000 0.400000 -0.400000 
-0.384000 -0.400000 0.400000 0.400000 0.400000 
-0.416000 -0.400000 0.400000 0.400000 -0.400000 
-0.416000 -0.400000 0.400000 0.400000 0.400000 
nMESH 5
2 2
-0.400000 -0.384000 0.400000 0.400000 -0.400000 
-0.400000 -0.384000 0.400000 0.400000 0.400000 
-0.400000 -0.416000 0.400000 0.400000 -0.400000 
-0.400000 -0.416000 0.400000 0.400000 0.400000 
nMESH 5
2 2
-0.400000 -0.400000 0.416000 0.400000 -0.400000 
-0.400000 -0.400000 0.416000 0.400000 0.400000 
-0.400000 -0.400000 0.384000 0.400000 -0.400000 
-0.400000 -0.400000 0.384000 0.400000 0.400000 
nMESH 5
2 2
-0.400000 -0.400000 0.400000 0.416000 -0.400000 
-0.400000 -0.400000 0.400000 0.416000 0.400000 
-0.400000 -0.400000 0.400000 0.384000 -0.400000 
-0.400000 -0.400000 0.400000 0.384000 0.400000 
nMESH 5
2 2
0.416000 -0.400000 0.400000 0.400000 -0.400000 
0.416000 0.400000 0.400000 0.400000 -0.400000 
0.384000 -0.400000 0.400000 0.400000 -0.400000 
0.384000 0.400000 0.400000 0.400000 -0.400000 
nMESH 5
2 2
0.400000 -0.400000 0.416000 0.400000 -0.400000 
0.400000 0.400000 0.416000 0.400000 -0.400000 
0.400000 -0.400000 0.384000 0.400000 -0.400000 
0.400000 0.400000 0.384000 0.400000 -0.400000 
nMESH 5
2 2
0.400000 -0.400000 0.400000 0.416000 -0.400000 
0.400000 0.400000 0.400000 0.416000 -0.400000 
0.400000 -0.400000 0.400000 0.384000 -0.400000 
0.400000 0.400000 0.400000 0.384000 -0.400000 
nMESH 5
2 2
0.400000 -0.400000 0.400000 0.400000 -0.384000 
0.400000 0.400000 0.400000 0.400000 -0.384000 
0.400000 -0.400000 0.400000 0.400000 -0.416000 
0.400000 0.400000 0.400000 0.400000 -0.416000 
nMESH 5
2 2
0.416000 -0.400000 0.400000 0.400000 -0.400000 
0.416000 -0.400000 0.400000 0.400000 0.400000 
0.384000 -0.400000 0.400000 0.400000 -0.400000 
0.384000 -0.400000 0.400000 0.400000 0.400000 
nMESH 5
2 2
0.400000 -0.384000 0.400000 0.400000 -0.400000 
0.400000 -0.384000 0.400000 0.400000 0.400000 
0.400000 -0.416000 0.400000 0.400000 -0.400000 
0.400000 -0.416000 0.400000 0.400000 0.400000 
nMESH 5
2 2
0.400000 -0.400000 0.416000 0.400000 -0.400000 
0.400000 -0.400000 0.416000 0.400000 0.400000 
0.400000 -0.400000 0.384000 0.400000 -0.400000 
0.400000 -0.400000 0.384000 0.400000 0.400000 
nMESH 5
2 2
0.400000 -0.400000 0.400000 0.416000 -0.400000 
0.400000 -0.400000 0.400000 0.416000 0.400000 
0.400000 -0.400000 0.400000 0.384000 -0.400000 
0.400000 -0.400000 0.400000 0.384000 0.400000 
nMESH 5
2 2
-0.400000 0.416000 0.400000 0.400000 -0.400000 
0.400000 0.416000 0.400000 0.400000 -0.400000 
-0.400000 0.384000 0.400000 0.400000 -0.400000 
0.400000 0.384000 0.400000 0.400000 -0.400000 
nMESH 5
2 2
-0.400000 0.400000 0.416000 0.400000 -0.400000 
0.400000 0.400000 0.416000 0.400000 -0.400000 
-0.400000 0.400000 0.384000 0.400000 -0.400000 
0.400000 0.400000 0.384000 0.400000 -0.400000 
nMESH 5
2 2
-0.400000 0.400000 0.400000 0.416000 -0.400000 
0.400000 0.400000 0.400000 0.416000 -0.400000 
-0.400000 0.400000 0.400000 0.384000 -0.400000 
0.400000 0.400000 0.400000 0.384000 -0.400000 
nMESH 5
2 2
-0.400000 0.400000 0.400000 0.400000 -0.384000 
0.400000 0.400000 0.400000 0.400000 -0.384000 
-0.400000 0.400000 0.400000 0.400000 -0.416000 
0.400000 0.400000 0.400000 0.400000 -0.416000 
nMESH 5
2 2
-0.384000 0.400000 0.400000 0.400000 -0.400000 
-0.384000 0.400000 0.400000 0.400000 0.400000 
-0.416000 0.400000 0.400000 0.400000 -0.400000 
-0.416000 0.400000 0.400000 0.400000 0.400000 
nMESH 5
2 2
-0.400000 0.416000 0.400000 0.400000 -0.400000 
-0.400000 0.416000 0.400000 0.400000 0.400000 
-0.400000 0.384000 0.400000 0.400000 -0.400000 
-0.400000 0.384000 0.400000 0.400000 0.400000 
nMESH 5
2 2
-0.400000 0.400000 0.416000 0.400000 -0.400000 
-0.400000 0.400000 0.416000 0.400000 0.400000 
-0.400000 0.400000 0.384000 0.400000 -0.400000 
-0.400000 0.400000 0.384000 0.400000 0.400000 
nMESH 5
2 2
-0.400000 0.400000 0.400000 0.416000 -0.400000 
-0.400000 0.400000 0.400000 0.416000 0.400000 
-0.400000 0.400000 0.400000 0.384000 -0.400000 
-0.400000 0.400000 0.400000 0.384000 0.400000 
nMESH 5
2 2
0.416000 0.400000 0.400000 0.400000 -0.400000 
0.416000 0.400000 0.400000 0.400000 0.400000 
0.384000 0.400000 0.400000 0.400000 -0.400000 
0.384000 0.400000 0.400000 0.400000 0.400000 
nMESH 5
2 2
0.400000 0.416000 0.400000 0.400000 -0.400000 
0.400000 0.416000 0.400000 0.400000 0.400000 
0.400000 0.384000 0.400000 0.400000 -0.400000 
0.400000 0.384000 0.400000 0.400000 0.400000 
nMESH 5
2 2
0.400000 0.400000 0.416000 0.400000 -0.400000 
0.400000 0.400000 0.416000 0.400000 0.400000 
0.400000 0.400000 0.384000 0.400000 -0.400000 
0.400000 0.400000 0.384000 0.400000 0.400000 
nMESH 5
2 2
0.400000 0.400000 0.400000 0.416000 -0.400000 
0.400000 0.400000 0.400000 0.416000 0.400000 
0.400000 0.400000 0.400000 0.384000 -0.400000 
0.400000 0.400000 0.400000 0.384000 0.400000 
nMESH 5
2 2
-0.400000 -0.384000 -0.400000 -0.400000 0.400000 
0.400000 -0.384000 -0.400000 -0.400000 0.400000 
-0.400000 -0.416000 -0.400000 -0.400000 0.400000 
0.400000 -0.416000 -0.400000 -0.400000 0.400000 
nMESH 5
2 2
-0.400000 -0.400000 -0.384000 -0.400000 0.400000 
0.400000 -0.400000 -0.384000 -0.400000 0.400000 
-0.400000 -0.400000 -0.416000 -0.400000 0.400000 
0.400000 -0.400000 -0.416000 -0.400000 0.400000 
nMESH 5
2 2
-0.400000 -0.400000 -0.400000 -0.384000 0.400000 
0.400000 -0.400000 -0.400000 -0.384000 0.400000 
-0.400000 -0.400000 -0.400000 -0.416000 0.400000 
0.400000 -0.400000 -0.400000 -0.416000 0.400000 
nMESH 5
2 2
-0.400000 -0.400000 -0.400000 -0.400000 0.416000 
0.400000 -0.400000 -0.400000 -0.400000 0.416000 
-0.400000 -0.400000 -0.400000 -0.400000 0.384000 
0.400000 -0.400000 -0.400000 -0.400000 0.384000 
nMESH 5
2 2
-0.384000 -0.400000 -0.400000 -0.400000 0.400000 
-0.384000 0.400000 -0.400000 -0.400000 0.400000 
-0.416000 -0.400000 -0.400000 -0.400000 0.400000 
-0.416000 0.400000 -0.400000 -0.400000 0.400000 
nMESH 5
2 2
-0.400000 -0.400000 -0.384000 -0.400000 0.400000 
-0.400000 0.400000 -0.384000 -0.400000 0.400000 
-0.400000 -0.400000 -0.416000 -0.400000 0.400000 
-0.400000 0.400000 -0.416000 -0.400000 0.400000 
nMESH 5
2 2
-0.400000 -0.400000 -0.400000 -0.384000 0.400000 
-0.400000 0.400000 -0.400000 -0.384000 0.400000 
-0.400000 -0.400000 -0.400000 -0.416000 0.400000 
-0.400000 0.400000 -0.400000 -0.416000 0.400000 
nMESH 5
2 2
-0.400000 -0.400000 -0.400000 -0.400000 0.416000 
-0.400000 0.400000 -0.400000 -0.400000 0.416000 
-0.400000 -0.400000 -0.400000 -0.400000 0.384000 
-0.400000 0.400000 -0.400000 -0.400000 0.384000 
nMESH 5
2 2
-0.384000 -0.400000 -0.400000 -0.400000 0.400000 
-0.384000 -0.400000 0.400000 -0.400000 0.400000 
-0.416000 -0.400000 -0.400000 -0.400000 0.400000 
-0.416000 -0.400000 0.400000 -0.400000 0.400000 
nMESH 5
2 2
-0.400000 -0.384000 -0.400000 -0.400000 0.400000 
-0.400000 -0.384000 0.400000 -0.400000 0.400000 
-0.400000 -0.416000 -0.400000 -0.400000 0.400000 
-0.400000 -0.416000 0.400000 -0.400000 0.400000 
nMESH 5
2 2
-0.400000 -0.400000 -0.400000 -0.384000 0.400000 
-0.400000 -0.400000 0.400000 -0.384000 0.400000 
-0.400000 -0.400000 -0.400000 -0.416000 0.400000 
-0.400000 -0.400000 0.400000 -0.416000 0.400000 
nMESH 5
2 2
-0.400000 -0.400000 -0.400000 -0.400000 0.416000 
-0.400000 -0.400000 0.400000 -0.400000 0.416000 
-0.400000 -0.400000 -0.400000 -0.400000 0.384000 
-0.400000 -0.400000 0.400000 -0.400000 0.384000 
nMESH 5
2 2
-0.384000 -0.400000 -0.400000 -0.400000 0.400000 
-0.384000 -0.400000 -0.400000 0.400000 0.400000 
-0.416000 -0.400000 -0.400000 -0.400000 0.400000 
-0.416000 -0.400000 -0.400000 0.400000 0.400000 
nMESH 5
2 2
-0.400000 -0.384000 -0.400000 -0.400000 0.400000 
-0.400000 -0.384000 -0.400000 0.400000 0.400000 
-0.400000 -0.416000 -0.400000 -0.400000 0.400000 
-0.400000 -0.416000 -0.400000 0.400000 0.400000 
nMESH 5
2 2
-0.400000 -0.400000 -0.384000 -0.400000 0.400000 
-0.400000 -0.400000 -0.384000 0.400000 0.400000 
-0.400000 -0.400000 -0.416000 -0.400000 0.400000 
-0.400000 -0.400000 -0.416000 0.400000 0.400000 
nMESH 5
2 2
-0.400000 -0.400000 -0.400000 -0.400000 0.416000 
-0.400000 -0.400000 -0.400000 0.400000 0.416000 
-0.400000 -0.400000 -0.400000 -0.400000 0.384000 
-0.400000 -0.400000 -0.400000 0.400000 0.384000 
nMESH 5
2 2
0.416000 -0.400000 -0.400000 -0.400000 0.400000 
0.416000 0.400000 -0.400000 -0.400000 0.400000 
0.384000 -0.400000 -0.400000 -0.400000 0.400000 
0.384000 0.400000 -0.400000 -0.400000 0.400000 
nMESH 5
2 2
0.400000 -0.400000 -0.384000 -0.400000 0.400000 
0.400000 0.400000 -0.384000 -0.400000 0.400000 
0.400000 -0.400000 -0.416000 -0.400000 0.400000 
0.400000 0.400000 -0.416000 -0.400000 0.400000 
nMESH 5
2 2
0.400000 -0.400000 -0.400000 -0.384000 0.400000 
0.400000 0.400000 -0.400000 -0.384000 0.400000 
0.400000 -0.400000 -0.400000 -0.416000 0.400000 
0.400000 0.400000 -0.400000 -0.416000 0.400000 
nMESH 5
2 2
0.400000 -0.400000 -0.400000 -0.400000 0.416000 
0.400000 0.400000 -0.400000 -0.400000 0.416000 
0.400000 -0.400000 -0.400000 -0.400000 0.384000 
0.400000 0.400000 -0.400000 -0.400000 0.384000 
nMESH 5
2 2
0.416000 -0.400000 -0.400000 -0.400000 0.400000 
0.416000 -0.400000 0.400000 -0.400000 0.400000 
0.384000 -0.400000 -0.400000 -0.400000 0.400000 
0.384000 -0.400000 0.400000 -0.400000 0.400000 
nMESH 5
2 2
0.400000 -0.384000 -0.400000 -0.400000 0.400000 
0.400000 -0.384000 0.400000 -0.400000 0.400000 
0.400000 -0.416000 -0.400000 -0.400000 0.400000 
0.400000 -0.416000 0.400000 -0.400000 0.400000 
nMESH 5
2 2
0.400000 -0.400000 -0.400000 -0.384000 0.400000 
0.400000 -0.400000 0.400000 -0.384000 0.400000 
0.400000 -0.400000 -0.400000 -0.416000 0.400000 
0.400000 -0.400000 0.400000 -0.416000 0.400000 
nMESH 5
2 2
0.400000 -0.400000 -0.400000 -0.400000 0.416000 
0.400000 -0.400000 0.400000 -0.400000 0.416000 
0.400000 -0.400000 -0.400000 -0.400000 0.384000 
0.400000 -0.400000 0.400000 -0.400000 0.384000 
nMESH 5
2 2
0.416000 -0.400000 -0.400000 -0.400000 0.400000 
0.416000 -0.400000 -0.400000 0.400000 0.400000 
0.384000 -0.400000 -0.400000 -0.400000 0.400000 
0.384000 -0.400000 -0.400000 0.400000 0.400000 
nMESH 5
2 2
0.400000 -0.384000 -0.400000 -0.400000 0.400000 
0.400000 -0.384000 -0.400000 0.400000 0.400000 
0.400000 -0.416000 -0.400000 -0.400000 0.400000 
0.400000 -0.416000 -0.400000 0.400000 0.400000 
nMESH 5
2 2
0.400000 -0.400000 -0.384000 -0.400000 0.400000 
0.400000 -0.400000 -0.384000 0.400000 0.400000 
0.400000 -0.400000 -0.416000 -0.400000 0.400000 
0.400000 -0.400000 -0.416000 0.400000 0.400000 
nMESH 5
2 2
0.400000 -0.400000 -0.400000 -0.400000 0.416000 
0.400000 -0.400000 -0.400000 0.400000 0.416000 
0.400000 -0.400000 -0.400000 -0.400000 0.384000 
0.400000 -0.400000 -0.400000 0.400000 0.384000 
nMESH 5
2 2
-0.400000 0.416000 -0.400000 -0.400000 0.400000 
0.400000 0.416000 -0.400000 -0.400000 0.400000 
-0.400000 0.384000 -0.400000 -0.400000 0.400000 
0.400000 0.384000 -0.400000 -0.400000 0.400000 
nMESH 5
2 2
-0.400000 0.400000 -0.384000 -0.400000 0.400000 
0.400000 0.400000 -0.384000 -0.400000 0.400000 
-0.400000 0.400000 -0.416000 -0.400000 0.400000 
0.400000 0.400000 -0.416000 -0.400000 0.400000 
nMESH 5
2 2
-0.400000 0.400000 -0.400000 -0.384000 0.400000 
0.400000 0.400000 -0.400000 -0.384000 0.400000 
-0.400000 0.400000 -0.400000 -0.416000 0.400000 
0.400000 0.400000 -0.400000 -0.416000 0.400000 
nMESH 5
2 2
-0.400000 0.400000 -0.400000 -0.400000 0.416000 
0.400000 0.400000 -0.400000 -0.400000 0.416000 
-0.400000 0.400000 -0.400000 -0.400000 0.384000 
0.400000 0.400000 -0.400000 -0.400000 0.384000 
nMESH 5
2 2
-0.384000 0.400000 -0.400000 -0.400000 0.400000 
-0.384000 0.400000 0.400000 -0.400000 0.400000 
-0.416000 0.400000 -0.400000 -0.400000 0.400000 
-0.416000 0.400000 0.400000 -0.400000 0.400000 
nMESH 5
2 2
-0.400000 0.416000 -0.400000 -0.400000 0.400000 
-0.400000 0.416000 0.400000 -0.400000 0.400000 
-0.400000 0.384000 -0.400000 -0.400000 0.400000 
-0.400000 0.384000 0.400000 -0.400000 0.400000 
nMESH 5
2 2
-0.400000 0.400000 -0.400000 -0.384000 0.400000 
-0.400000 0.400000 0.400000 -0.384000 0.400000 
-0.400000 0.400000 -0.400000 -0.416000 0.400000 
-0.400000 0.400000 0.400000 -0.416000 0.400000 
nMESH 5
2 2
-0.400000 0.400000 -0.400000 -0.400000 0.416000 
-0.400000 0.400000 0.400000 -0.400000 0.416000 
-0.400000 0.400000 -0.400000 -0.400000 0.384000 
-0.400000 0.400000 0.400000 -0.400000 0.384000 
nMESH 5
2 2
-0.384000 0.400000 -0.400000 -0.400000 0.400000 
-0.384000 0.400000 -0.400000 0.400000 0.400000 
-0.416000 0.400000 -0.400000 -0.400000 0.400000 
-0.416000 0.400000 -0.400000 0.400000 0.400000 
nMESH 5
2 2
-0.400000 0.416000 -0.400000 -0.400000 0.400000 
-0.400000 0.416000 -0.400000 0.400000 0.400000 
-0.400000 0.384000 -0.400000 -0.400000 0.400000 
-0.400000 0.384000 -0.400000 0.400000 0.400000 
nMESH 5
2 2
-0.400000 0.400000 -0.384000 -0.400000 0.400000 
-0.400000 0.400000 -0.384000 0.400000 0.400000 
-0.400000 0.400000 -0.416000 -0.400000 0.400000 
-0.400000 0.400000 -0.416000 0.400000 0.400000 
nMESH 5
2 2
-0.400000 0.400000 -0.400000 -0.400000 0.416000 
-0.400000 0.400000 -0.400000 0.400000 0.416000 
-0.400000 0.400000 -0.400000 -0.400000 0.384000 
-0.400000 0.400000 -0.400000 0.400000 0.384000 
nMESH 5
2 2
0.416000 0.400000 -0.400000 -0.400000 0.400000 
0.416000 0.400000 0.400000 -0.400000 0.400000 
0.384000 0.400000 -0.400000 -0.400000 0.400000 
0.384000 0.400000 0.400000 -0.400000 0.400000 
nMESH 5
2 2
0.400000 0.416000 -0.400000 -0.400000 0.400000 
0.400000 0.416000 0.400000 -0.400000 0.400000 
0.400000 0.384000 -0.400000 -0.400000 0.400000 
0.400000 0.384000 0.400000 -0.400000 0.400000 
nMESH 5
2 2
0.400000 0.400000 -0.400000 -0.384000 0.400000 
0.400000 0.400000 0.400000 -0.384000 0.400000 
0.400000 0.400000 -0.400000 -0.416000 0.400000 
0.400000 0.400000 0.400000 -0.416000 0.400000 
nMESH 5
2 2
0.400000 0.400000 -0.400000 -0.400000 0.416000 
0.400000 0.400000 0.400000 -0.400000 0.416000 
0.400000 0.400000 -0.400000 -0.400000 0.384000 
0.400000 0.400000 0.400000 -0.400000 0.384000 
nMESH 5
2 2
0.416000 0.400000 -0.400000 -0.400000 0.400000 
0.416000 0.400000 -0.400000 0.400000 0.400000 
0.384000 0.400000 -0.400000 -0.400000 0.400000 
0.384000 0.400000 -0.400000 0.400000 0.400000 
nMESH 5
2 2
0.400000 0.416000 -0.400000 -0.400000 0.400000 
0.400000 0.416000 -0.400000 0.400000 0.400000 
0.400000 0.384000 -0.400000 -0.400000 0.400000 
0.400000 0.384000 -0.400000 0.400000 0.400000 
nMESH 5
2 2
0.400000 0.400000 -0.384000 -0.400000 0.400000 
0.400000 0.400000 -0.384000 0.400000 0.400000 
0.400000 0.400000 -0.416000 -0.400000 0.400000 
0.400000 0.400000 -0.416000 0.400000 0.400000 
nMESH 5
2 2
0.400000 0.400000 -0.400000 -0.400000 0.416000 
0.400000 0.400000 -0.400000 0.400000 0.416000 
0.400000 0.400000 -0.400000 -0.400000 0.384000 
0.400000 0.400000 -0.400000 0.400000 0.384000 
nMESH 5
2 2
-0.400000 -0.384000 0.400000 -0.400000 0.400000 
0.400000 -0.384000 0.400000 -0.400000 0.400000 
-0.400000 -0.416000 0.400000 -0.400000 0.400000 
0.400000 -0.416000 0.400000 -0.400000 0.400000 
nMESH 5
2 2
-0.400000 -0.400000 0.416000 -0.400000 0.400000 
0.400000 -0.400000 0.416000 -0.400000 0.400000 
-0.400000 -0.400000 0.384000 -0.400000 0.400000 
0.400000 -0.400000 0.384000 -0.400000 0.400000 
nMESH 5
2 2
-0.400000 -0.400000 0.400000 -0.384000 0.400000 
0.400000 -0.400000 0.400000 -0.384000 0.400000 
-0.400000 -0.400000 0.400000 -0.416000 0.400000 
0.400000 -0.400000 0.400000 -0.416000 0.400000 
nMESH 5
2 2
-0.400000 -0.400000 0.400000 -0.400000 0.416000 
0.400000 -0.400000 0.400000 -0.400000 0.416000 
-0.400000 -0.400000 0.400000 -0.400000 0.384000 
0.400000 -0.400000 0.400000 -0.400000 0.384000 
nMESH 5
2 2
-0.384000 -0.400000 0.400000 -0.400000 0.400000 
-0.384000 0.400000 0.400000 -0.400000 0.400000 
-0.416000 -0.400000 0.400000 -0.400000 0.400000 
-0.416000 0.400000 0.400000 -0.400000 0.400000 
nMESH 5
2 2
-0.400000 -0.400000 0.416000 -0.400000 0.400000 
-0.400000 0.400000 0.416000 -0.400000 0.400000 
-0.400000 -0.400000 0.384000 -0.400000 0.400000 
-0.400000 0.400000 0.384000 -0.400000 0.400000 
nMESH 5
2 2
-0.400000 -0.400000 0.400000 -0.384000 0.400000 
-0.400000 0.400000 0.400000 -0.384000 0.400000 
-0.400000 -0.400000 0.400000 -0.416000 0.400000 
-0.400000 0.400000 0.400000 -0.416000 0.400000 
nMESH 5
2 2
-0.400000 -0.400000 0.400000 -0.400000 0.416000 
-0.400000 0.400000 0.400000 -0.400000 0.416000 
-0.400000 -0.400000 0.400000 -0.400000 0.384000 
-0.400000 0.400000 0.400000 -0.400000 0.384000 
nMESH 5
2 2
-0.384000 -0.400000 0.400000 -0.400000 0.400000 
-0.384000 -0.400000 0.400000 0.400000 0.400000 
-0.416000 -0.400000 0.400000 -0.400000 0.400000 
-0.416000 -0.400000 0.400000 0.400000 0.400000 
nMESH 5
2 2
-0.400000 -0.384000 0.400000 -0.400000 0.400000 
-0.400000 -0.384000 0.400000 0.400000 0.400000 
-0.400000 -0.416000 0.400000 -0.400000 0.400000 
-0.400000 -0.416000 0.400000 0.400000 0.400000 
nMESH 5
2 2
-0.400000 -0.400000 0.416000 -0.400000 0.400000 
-0.400000 -0.400000 0.416000 0.400000 0.400000 
-0.400000 -0.400000 0.384000 -0.400000 0.400000 
-0.400000 -0.400000 0.384000 0.400000 0.400000 
nMESH 5
2 2
-0.400000 -0.400000 0.400000 -0.400000 0.416000 
-0.400000 -0.400000 0.400000 0.400000 0.416000 
-0.400000 -0.400000 0.400000 -0.400000 0.384000 
-0.400000 -0.400000 0.400000 0.400000 0.384000 
nMESH 5
2 2
0.416000 -0.400000 0.400000 -0.400000 0.400000 
0.416000 0.400000 0.400000 -0.400000 0.400000 
0.384000 -0.400000 0.400000 -0.400000 0.400000 
0.384000 0.400000 0.400000 -0.400000 0.400000 
nMESH 5
2 2
0.400000 -0.400000 0.416000 -0.400000 0.400000 
0.400000 0.400000 0.416000 -0.400000 0.400000 
0.400000 -0.400000 0.384000 -0.400000 0.400000 
0.400000 0.400000 0.384000 -0.400000 0.400000 
nMESH 5
2 2
0.400000 -0.400000 0.400000 -0.384000 0.400000 
0.400000 0.400000 0.400000 -0.384000 0.400000 
0.400000 -0.400000 0.400000 -0.416000 0.400000 
0.400000 0.400000 0.400000 -0.416000 0.400000 
nMESH 5
2 2
0.400000 -0.400000 0.400000 -0.400000 0.416000 
0.400000 0.400000 0.400000 -0.400000 0.416000 
0.400000 -0.400000 0.400000 -0.400000 0.384000 
0.400000 0.400000 0.400000 -0.400000 0.384000 
nMESH 5
2 2
0.416000 -0.400000 0.400000 -0.400000 0.400000 
0.416000 -0.400000 0.400000 0.400000 0.400000 
0.384000 -0.400000 0.400000 -0.400000 0.400000 
0.384000 -0.400000 0.400000 0.400000 0.400000 
nMESH 5
2 2
0.400000 -0.384000 0.400000 -0.400000 0.400000 
0.400000 -0.384000 0.400000 0.400000 0.400000 
0.400000 -0.416000 0.400000 -0.400000 0.400000 
0.400000 -0.416000 0.400000 0.400000 0.400000 
nMESH 5
2 2
0.400000 -0.400000 0.416000 -0.400000 0.400000 
0.400000 -0.400000 0.416000 0.400000 0.400000 
0.400000 -0.400000 0.384000 -0.400000 0.400000 
0.400000 -0.400000 0.384000 0.400000 0.400000 
nMESH 5
2 2
0.400000 -0.400000 0.400000 -0.400000 0.416000 
0.400000 -0.400000 0.400000 0.400000 0.416000 
0.400000 -0.400000 0.400000 -0.400000 0.384000 
0.400000 -0.400000 0.400000 0.400000 0.384000 
nMESH 5
2 2
-0.400000 0.416000 0.400000 -0.400000 0.400000 
0.400000 0.416000 0.400000 -0.400000 0.400000 
-0.400000 0.384000 0.400000 -0.400000 0.400000 
0.400000 0.384000 0.400000 -0.400000 0.400000 
nMESH 5
2 2
-0.400000 0.400000 0.416000 -0.400000 0.400000 
0.400000 0.400000 0.416000 -0.400000 0.400000 
-0.400000 0.400000 0.384000 -0.400000 0.400000 
0.400000 0.400000 0.384000 -0.400000 0.400000 
nMESH 5
2 2
-0.400000 0.400000 0.400000 -0.384000 0.400000 
0.400000 0.400000 0.400000 -0.384000 0.400000 
-0.400000 0.400000 0.400000 -0.416000 0.400000 
0.400000 0.400000 0.400000 -0.416000 0.400000 
nMESH 5
2 2
-0.400000 0.400000 0.400000 -0.400000 0.416000 
0.400000 0.400000 0.400000 -0.400000 0.416000 
-0.400000 0.400000 0.400000 -0.400000 0.384000 
0.400000 0.400000 0.400000 -0.400000 0.384000 
nMESH 5
2 2
-0.384000 0.400000 0.400000 -0.400000 0.400000 
-0.384000 0.400000 0.400000 0.400000 0.400000 
-0.416000 0.400000 0.400000 -0.400000 0.400000 
-0.416000 0.400000 0.400000 0.400000 0.400000 
nMESH 5
2 2
-0.400000 0.416000 0.400000 -0.400000 0.400000 
-0.400000 0.416000 0.400000 0.400000 0.400000 
-0.400000 0.384000 0.400000 -0.400000 0.400000 
-0.400000 0.384000 0.400000 0.400000 0.400000 
nMESH 5
2 2
-0.400000 0.400000 0.416000 -0.400000 0.400000 
-0.400000 0.400000 0.416000 0.400000 0.400000 
-0.400000 0.400000 0.384000 -0.400000 0.400000 
-0.400000 0.400000 0.384000 0.400000 0.400000 
nMESH 5
2 2
-0.400000 0.400000 0.400000 -0.400000 0.416000 
-0.400000 0.400000 0.400000 0.400000 0.416000 
-0.400000 0.400000 0.400000 -0.400000 0.384000 
-0.400000 0.400000 0.400000 0.400000 0.384000 
nMESH 5
2 2
0.416000 0.400000 0.400000 -0.400000 0.400000 
0.416000 0.400000 0.400000 0.400000 0.400000 
0.384000 0.400000 0.400000 -0.400000 0.400000 
0.384000 0.400000 0.400000 0.400000 0.400000 
nMESH 5
2 2
0.400000 0.416000 0.400000 -0.400000 0.400000 
0.400000 0.416000 0.400000 0.400000 0.400000 
0.400000 0.384000 0.400000 -0.400000 0.400000 
0.400000 0.384000 0.400000 0.400000 0.400000 
nMESH 5
2 2
0.400000 0.400000 0.416000 -0.400000 0.400000 
0.400000 0.400000 0.416000 0.400000 0.400000 
0.400000 0.400000 0.384000 -0.400000 0.400000 
0.400000 0.400000 0.384000 0.400000 0.400000 
nMESH 5
2 2
0.400000 0.400000 0.400000 -0.400000 0.416000 
0.400000 0.400000 0.400000 0.400000 0.416000 
0.400000 0.400000 0.400000 -0.400000 0.384000 
0.400000 0.400000 0.400000 0.400000 0.384000 
nMESH 5
2 2
-0.400000 -0.384000 -0.400000 0.400000 0.400000 
0.400000 -0.384000 -0.400000 0.400000 0.400000 
-0.400000 -0.416000 -0.400000 0.400000 0.400000 
0.400000 -0.416000 -0.400000 0.400000 0.400000 
nMESH 5
2 2
-0.400000 -0.400000 -0.384000 0.400000 0.400000 
0.400000 -0.400000 -0.384000 0.400000 0.400000 
-0.400000 -0.400000 -0.416000 0.400000 0.400000 
0.400000 -0.400000 -0.416000 0.400000 0.400000 
nMESH 5
2 2
-0.400000 -0.400000 -0.400000 0.416000 0.400000 
0.400000 -0.400000 -0.400000 0.416000 0.400000 
-0.400000 -0.400000 -0.400000 0.384000 0.400000 
0.400000 -0.400000 -0.400000 0.384000 0.400000 
nMESH 5
2 2
-0.400000 -0.400000 -0.400000 0.400000 0.416000 
0.400000 -0.400000 -0.400000 0.400000 0.416000 
-0.400000 -0.400000 -0.400000 0.400000 0.384000 
0.400000 -0.400000 -0.400000 0.400000 0.384000 
nMESH 5
2 2
-0.384000 -0.400000 -0.400000 0.400000 0.400000 
-0.384000 0.400000 -0.400000 0.400000 0.400000 
-0.416000 -0.400000 -0.400000 0.400000 0.400000 
-0.416000 0.400000 -0.400000 0.400000 0.400000 
nMESH 5
2 2
-0.400000 -0.400000 -0.384000 0.400000 0.400000 
-0.400000 0.400000 -0.384000 0.400000 0.400000 
-0.400000 -0.400000 -0.416000 0.400000 0.400000 
-0.400000 0.400000 -0.416000 0.400000 0.400000 
nMESH 5
2 2
-0.400000 -0.400000 -0.400000 0.416000 0.400000 
-0.400000 0.400000 -0.400000 0.416000 0.400000 
-0.400000 -0.400000 -0.400000 0.384000 0.400000 
-0.400000 0.400000 -0.400000 0.384000 0.400000 
nMESH 5
2 2
-0.400000 -0.400000 -0.400000 0.400000 0.416000 
-0.400000 0.400000 -0.400000 0.400000 0.416000 
-0.400000 -0.400000 -0.400000 0.400000 0.384000 
-0.400000 0.400000 -0.400000 0.400000 0.384000 
nMESH 5
2 2
-0.384000 -0.400000 -0.400000 0.400000 0.400000 
-0.384000 -0.400000 0.400000 0.400000 0.400000 
-0.416000 -0.400000 -0.400000 0.400000 0.400000 
-0.416000 -0.400000 0.400000 0.400000 0.400000 
nMESH 5
2 2
-0.400000 -0.384000 -0.400000 0.400000 0.400000 
-0.400000 -0.384000 0.400000 0.400000 0.400000 
-0.400000 -0.416000 -0.400000 0.400000 0.400000 
-0.400000 -0.416000 0.400000 0.400000 0.400000 
nMESH 5
2 2
-0.400000 -0.400000 -0.400000 0.416000 0.400000 
-0.400000 -0.400000 0.400000 0.416000 0.400000 
-0.400000 -0.400000 -0.400000 0.384000 0.400000 
-0.400000 -0.400000 0.400000 0.384000 0.400000 
nMESH 5
2 2
-0.400000 -0.400000 -0.400000 0.400000 0.416000 
-0.400000 -0.400000 0.400000 0.400000 0.416000 
-0.400000 -0.400000 -0.400000 0.400000 0.384000 
-0.400000 -0.400000 0.400000 0.400000 0.384000 
nMESH 5
2 2
0.416000 -0.400000 -0.400000 0.400000 0.400000 
0.416000 0.400000 -0.400000 0.400000 0.400000 
0.384000 -0.400000 -0.400000 0.400000 0.400000 
0.384000 0.400000 -0.400000 0.400000 0.400000 
nMESH 5
2 2
0.400000 -0.400000 -0.384000 0.400000 0.400000 
0.400000 0.400000 -0.384000 0.400000 0.400000 
0.400000 -0.400000 -0.416000 0.400000 0.400000 
0.400000 0.400000 -0.416000 0.400000 0.400000 
nMESH 5
2 2
0.400000 -0.400000 -0.400000 0.416000 0.400000 
0.400000 0.400000 -0.400000 0.416000 0.400000 
0.400000 -0.400000 -0.400000 0.384000 0.400000 
0.400000 0.400000 -0.400000 0.384000 0.400000 
nMESH 5
2 2
0.400000 -0.400000 -0.400000 0.400000 0.416000 
0.400000 0.400000 -0.400000 0.400000 0.416000 
0.400000 -0.400000 -0.400000 0.400000 0.384000 
0.400000 0.400000 -0.400000 0.400000 0.384000 
nMESH 5
2 2
0.416000 -0.400000 -0.400000 0.400000 0.400000 
0.416000 -0.400000 0.400000 0.400000 0.400000 
0.384000 -0.400000 -0.400000 0.400000 0.400000 
0.384000 -0.400000 0.400000 0.400000 0.400000 
nMESH 5
2 2
0.400000 -0.384000 -0.400000 0.400000 0.400000 
0.400000 -0.384000 0.400000 0.400000 0.400000 
0.400000 -0.416000 -0.400000 0.400000 0.400000 
0.400000 -0.416000 0.400000 0.400000 0.400000 
nMESH 5
2 2
0.400000 -0.400000 -0.400000 0.416000 0.400000 
0.400000 -0.400000 0.400000 0.416000 0.400000 
0.400000 -0.400000 -0.400000 0.384000 0.400000 
0.400000 -0.400000 0.400000 0.384000 0.400000 
nMESH 5
2 2
0.400000 -0.400000 -0.400000 0.400000 0.416000 
0.400000 -0.400000 0.400000 0.400000 0.416000 
0.400000 -0.400000 -0.400000 0.400000 0.384000 
0.400000 -0.400000 0.400000 0.400000 0.384000 
nMESH 5
2 2
-0.400000 0.416000 -0.400000 0.400000 0.400000 
0.400000 0.416000 -0.400000 0.400000 0.400000 
-0.400000 0.384000 -0.400000 0.400000 0.400000 
0.400000 0.384000 -0.400000 0.400000 0.400000 
nMESH 5
2 2
-0.400000 0.400000 -0.384000 0.400000 0.400000 
0.400000 0.400000 -0.384000 0.400000 0.400000 
-0.400000 0.400000 -0.416000 0.400000 0.400000 
0.400000 0.400000 -0.416000 0.400000 0.400000 
nMESH 5
2 2
-0.400000 0.400000 -0.400000 0.416000 0.400000 
0.400000 0.400000 -0.400000 0.416000 0.400000 
-0.400000 0.400000 -0.400000 0.384000 0.400000 
0.400000 0.400000 -0.400000 0.384000 0.400000 
nMESH 5
2 2
-0.400000 0.400000 -0.400000 0.400000 0.416000 
0.400000 0.400000 -0.400000 0.400000 0.416000 
-0.400000 0.400000 -0.400000 0.400000 0.384000 
0.400000 0.400000 -0.400000 0.400000 0.384000 
nMESH 5
2 2
-0.384000 0.400000 -0.400000 0.400000 0.400000 
-0.384000 0.400000 0.400000 0.400000 0.400000 
-0.416000 0.400000 -0.400000 0.400000 0.400000 
-0.416000 0.400000 0.400000 0.400000 0.400000 
nMESH 5
2 2
-0.400000 0.416000 -0.400000 0.400000 0.400000 
-0.400000 0.416000 0.400000 0.400000 0.400000 
-0.400000 0.384000 -0.400000 0.400000 0.400000 
-0.400000 0.384000 0.400000 0.400000 0.400000 
nMESH 5
2 2
-0.400000 0.400000 -0.400000 0.416000 0.400000 
-0.400000 0.400000 0.400000 0.416000 0.400000 
-0.400000 0.400000 -0.400000 0.384000 0.400000 
-0.400000 0.400000 0.400000 0.384000 0.400000 
nMESH 5
2 2
-0.400000 0.400000 -0.400000 0.400000 0.416000 
-0.400000 0.400000 0.400000 0.400000 0.416000 
-0.400000 0.400000 -0.400000 0.400000 0.384000 
-0.400000 0.400000 0.400000 0.400000 0.384000 
nMESH 5
2 2
0.416000 0.400000 -0.400000 0.400000 0.400000 
0.416000 0.400000 0.400000 0.400000 0.400000 
0.384000 0.400000 -0.400000 0.400000 0.400000 
0.384000 0.400000 0.400000 0.400000 0.400000 
nMESH 5
2 2
0.400000 0.416000 -0.400000 0.400000 0.400000 
0.400000 0.416000 0.400000 0.400000 0.400000 
0.400000 0.384000 -0.400000 0.400000 0.400000 
0.400000 0.384000 0.400000 0.400000 0.400000 
nMESH 5
2 2
0.400000 0.400000 -0.400000 0.416000 0.400000 
0.400000 0.400000 0.400000 0.416000 0.400000 
0.400000 0.400000 -0.400000 0.384000 0.400000 
0.400000 0.400000 0.400000 0.384000 0.400000 
nMESH 5
2 2
0.400000 0.400000 -0.400000 0.400000 0.416000 
0.400000 0.400000 0.400000 0.400000 0.416000 
0.400000 0.400000 -0.400000 0.400000 0.384000 
0.400000 0.400000 0.400000 0.400000 0.384000 
nMESH 5
2 2
-0.400000 -0.384000 0.400000 0.400000 0.400000 
0.400000 -0.384000 0.400000 0.400000 0.400000 
-0.400000 -0.416000 0.400000 0.400000 0.400000 
0.400000 -0.416000 0.400000 0.400000 0.400000 
nMESH 5
2 2
-0.400000 -0.400000 0.416000 0.400000 0.400000 
0.400000 -0.400000 0.416000 0.400000 0.400000 
-0.400000 -0.400000 0.384000 0.400000 0.400000 
0.400000 -0.400000 0.384000 0.400000 0.400000 
nMESH 5
2 2
-0.400000 -0.400000 0.400000 0.416000 0.400000 
0.400000 -0.400000 0.400000 0.416000 0.400000 
-0.400000 -0.400000 0.400000 0.384000 0.400000 
0.400000 -0.400000 0.400000 0.384000 0.400000 
nMESH 5
2 2
-0.400000 -0.400000 0.400000 0.400000 0.416000 
0.400000 -0.400000 0.400000 0.400000 0.416000 
-0.400000 -0.400000 0.400000 0.400000 0.384000 
0.400000 -0.400000 0.400000 0.400000 0.384000 
nMESH 5
2 2
-0.384000 -0.400000 0.400000 0.400000 0.400000 
-0.384000 0.400000 0.400000 0.400000 0.400000 
-0.416000 -0.400000 0.400000 0.400000 0.400000 
-0.416000 0.400000 0.400000 0.400000 0.400000 
nMESH 5
2 2
-0.400000 -0.400000 0.416000 0.400000 0.400000 
-0.400000 0.400000 0.416000 0.400000 0.400000 
-0.400000 -0.400000 0.384000 0.400000 0.400000 
-0.400000 0.400000 0.384000 0.400000 0.400000 
nMESH 5
2 2
-0.400000 -0.400000 0.400000 0.416000 0.400000 
-0.400000 0.400000 0.400000 0.416000 0.400000 
-0.400000 -0.400000 0.400000 0.384000 0.400000 
-0.400000 0.400000 0.400000 0.384000 0.400000 
nMESH 5
2 2
-0.400000 -0.400000 0.400000 0.400000 0.416000 
-0.400000 0.400000 0.400000 0.400000 0.416000 
-0.400000 -0.400000 0.400000 0.400000 0.384000 
-0.400000 0.400000 0.400000 0.400000 0.384000 
nMESH 5
2 2
0.416000 -0.400000 0.400000 0.400000 0.400000 
0.416000 0.400000 0.400000 0.400000 0.400000 
0.384000 -0.400000 0.400000 0.400000 0.400000 
0.384000 0.400000 0.400000 0.400000 0.400000 
nMESH 5
2 2
0.400000 -0.400000 0.416000 0.400000 0.400000 
0.400000 0.400000 0.416000 0.400000 0.400000 
0.400000 -0.400000 0.384000 0.400000 0.400000 
0.400000 0.400000 0.384000 0.400000 0.400000 
nMESH 5
2 2
0.400000 -0.400000 0.400000 0.416000 0.400000 
0.400000 0.400000 0.400000 0.416000 0.400000 
0.400000 -0.400000 0.400000 0.384000 0.400000 
0.400000 0.400000 0.400000 0.384000 0.400000 
nMESH 5
2 2
0.400000 -0.400000 0.400000 0.400000 0.416000 
0.400000 0.400000 0.400000 0.400000 0.416000 
0.400000 -0.400000 0.400000 0.400000 0.384000 
0.400000 0.400000 0.400000 0.400000 0.384000 
nMESH 5
2 2
-0.400000 0.416000 0.400000 0.400000 0.400000 
0.400000 0.416000 0.400000 0.400000 0.400000 
-0.400000 0.384000 0.400000 0.400000 0.400000 
0.400000 0.384000 0.400000 0.400000 0.400000 
nMESH 5
2 2
-0.400000 0.400000 0.416000 0.400000 0.400000 
0.400000 0.400000 0.416000 0.400000 0.400000 
-0.400000 0.400000 0.384000 0.400000 0.400000 
0.400000 0.400000 0.384000 0.400000 0.400000 
nMESH 5
2 2
-0.400000 0.400000 0.400000 0.416000 0.400000 
0.400000 0.400000 0.400000 0.416000 0.400000 
-0.400000 0.400000 0.400000 0.384000 0.400000 
0.400000 0.400000 0.400000 0.384000 0.400000 
nMESH 5
2 2
-0.400000 0.400000 0.400000 0.400000 0.416000 
0.400000 0.400000 0.400000 0.400000 0.416000 
-0.400000 0.400000 0.400000 0.400000 0.384000 
0.400000 0.400000 0.400000 0.400000 0.384000 
