appearance {shading smooth}
4MESH
40 40
1 0 1 0
1 0 0.98705 0.160411
1 0 0.948536 0.316668
1 0 0.885456 0.464723
1 0 0.799443 0.600742
1 0 0.692724 0.721202
1 0 0.568065 0.822984
1 0 0.428693 0.90345
1 0 0.278217 0.960518
1 0 0.120537 0.992709
1 0 -0.040266 0.999189
1 0 -0.200026 0.979791
1 0 -0.354605 0.935016
1 0 -0.5 0.866025
1 0 -0.632445 0.774605
1 0 -0.748511 0.663123
1 0 -0.84519 0.534466
1 0 -0.919979 0.391967
1 0 -0.970942 0.239316
1 0 -0.996757 0.0804665
1 0 -0.996757 -0.0804666
1 0 -0.970942 -0.239316
1 0 -0.919979 -0.391967
1 0 -0.84519 -0.534466
1 0 -0.748511 -0.663123
1 0 -0.632445 -0.774605
1 0 -0.5 -0.866025
1 0 -0.354605 -0.935016
1 0 -0.200026 -0.979791
1 0 -0.0402659 -0.999189
1 0 0.120537 -0.992709
1 0 0.278218 -0.960518
1 0 0.428693 -0.90345
1 0 0.568065 -0.822984
1 0 0.692724 -0.721202
1 0 0.799443 -0.600742
1 0 0.885456 -0.464723
1 0 0.948536 -0.316668
1 0 0.98705 -0.160411
1 0 1 9.28204e-08
0.98705 0.160411 1 0
0.98705 0.160411 0.98705 0.160411
0.98705 0.160411 0.948536 0.316668
0.98705 0.160411 0.885456 0.464723
0.98705 0.160411 0.799443 0.600742
0.98705 0.160411 0.692724 0.721202
0.98705 0.160411 0.568065 0.822984
0.98705 0.160411 0.428693 0.90345
0.98705 0.160411 0.278217 0.960518
0.98705 0.160411 0.120537 0.992709
0.98705 0.160411 -0.040266 0.999189
0.98705 0.160411 -0.200026 0.979791
0.98705 0.160411 -0.354605 0.935016
0.98705 0.160411 -0.5 0.866025
0.98705 0.160411 -0.632445 0.774605
0.98705 0.160411 -0.748511 0.663123
0.98705 0.160411 -0.84519 0.534466
0.98705 0.160411 -0.919979 0.391967
0.98705 0.160411 -0.970942 0.239316
0.98705 0.160411 -0.996757 0.0804665
0.98705 0.160411 -0.996757 -0.0804666
0.98705 0.160411 -0.970942 -0.239316
0.98705 0.160411 -0.919979 -0.391967
0.98705 0.160411 -0.84519 -0.534466
0.98705 0.160411 -0.748511 -0.663123
0.98705 0.160411 -0.632445 -0.774605
0.98705 0.160411 -0.5 -0.866025
0.98705 0.160411 -0.354605 -0.935016
0.98705 0.160411 -0.200026 -0.979791
0.98705 0.160411 -0.0402659 -0.999189
0.98705 0.160411 0.120537 -0.992709
0.98705 0.160411 0.278218 -0.960518
0.98705 0.160411 0.428693 -0.90345
0.98705 0.160411 0.568065 -0.822984
0.98705 0.160411 0.692724 -0.721202
0.98705 0.160411 0.799443 -0.600742
0.98705 0.160411 0.885456 -0.464723
0.98705 0.160411 0.948536 -0.316668
0.98705 0.160411 0.98705 -0.160411
0.98705 0.160411 1 9.28204e-08
0.948536 0.316668 1 0
0.948536 0.316668 0.98705 0.160411
0.948536 0.316668 0.948536 0.316668
0.948536 0.316668 0.885456 0.464723
0.948536 0.316668 0.799443 0.600742
0.948536 0.316668 0.692724 0.721202
0.948536 0.316668 0.568065 0.822984
0.948536 0.316668 0.428693 0.90345
0.948536 0.316668 0.278217 0.960518
0.948536 0.316668 0.120537 0.992709
0.948536 0.316668 -0.040266 0.999189
0.948536 0.316668 -0.200026 0.979791
0.948536 0.316668 -0.354605 0.935016
0.948536 0.316668 -0.5 0.866025
0.948536 0.316668 -0.632445 0.774605
0.948536 0.316668 -0.748511 0.663123
0.948536 0.316668 -0.84519 0.534466
0.948536 0.316668 -0.919979 0.391967
0.948536 0.316668 -0.970942 0.239316
0.948536 0.316668 -0.996757 0.0804665
0.948536 0.316668 -0.996757 -0.0804666
0.948536 0.316668 -0.970942 -0.239316
0.948536 0.316668 -0.919979 -0.391967
0.948536 0.316668 -0.84519 -0.534466
0.948536 0.316668 -0.748511 -0.663123
0.948536 0.316668 -0.632445 -0.774605
0.948536 0.316668 -0.5 -0.866025
0.948536 0.316668 -0.354605 -0.935016
0.948536 0.316668 -0.200026 -0.979791
0.948536 0.316668 -0.0402659 -0.999189
0.948536 0.316668 0.120537 -0.992709
0.948536 0.316668 0.278218 -0.960518
0.948536 0.316668 0.428693 -0.90345
0.948536 0.316668 0.568065 -0.822984
0.948536 0.316668 0.692724 -0.721202
0.948536 0.316668 0.799443 -0.600742
0.948536 0.316668 0.885456 -0.464723
0.948536 0.316668 0.948536 -0.316668
0.948536 0.316668 0.98705 -0.160411
0.948536 0.316668 1 9.28204e-08
0.885456 0.464723 1 0
0.885456 0.464723 0.98705 0.160411
0.885456 0.464723 0.948536 0.316668
0.885456 0.464723 0.885456 0.464723
0.885456 0.464723 0.799443 0.600742
0.885456 0.464723 0.692724 0.721202
0.885456 0.464723 0.568065 0.822984
0.885456 0.464723 0.428693 0.90345
0.885456 0.464723 0.278217 0.960518
0.885456 0.464723 0.120537 0.992709
0.885456 0.464723 -0.040266 0.999189
0.885456 0.464723 -0.200026 0.979791
0.885456 0.464723 -0.354605 0.935016
0.885456 0.464723 -0.5 0.866025
0.885456 0.464723 -0.632445 0.774605
0.885456 0.464723 -0.748511 0.663123
0.885456 0.464723 -0.84519 0.534466
0.885456 0.464723 -0.919979 0.391967
0.885456 0.464723 -0.970942 0.239316
0.885456 0.464723 -0.996757 0.0804665
0.885456 0.464723 -0.996757 -0.0804666
0.885456 0.464723 -0.970942 -0.239316
0.885456 0.464723 -0.919979 -0.391967
0.885456 0.464723 -0.84519 -0.534466
0.885456 0.464723 -0.748511 -0.663123
0.885456 0.464723 -0.632445 -0.774605
0.885456 0.464723 -0.5 -0.866025
0.885456 0.464723 -0.354605 -0.935016
0.885456 0.464723 -0.200026 -0.979791
0.885456 0.464723 -0.0402659 -0.999189
0.885456 0.464723 0.120537 -0.992709
0.885456 0.464723 0.278218 -0.960518
0.885456 0.464723 0.428693 -0.90345
0.885456 0.464723 0.568065 -0.822984
0.885456 0.464723 0.692724 -0.721202
0.885456 0.464723 0.799443 -0.600742
0.885456 0.464723 0.885456 -0.464723
0.885456 0.464723 0.948536 -0.316668
0.885456 0.464723 0.98705 -0.160411
0.885456 0.464723 1 9.28204e-08
0.799443 0.600742 1 0
0.799443 0.600742 0.98705 0.160411
0.799443 0.600742 0.948536 0.316668
0.799443 0.600742 0.885456 0.464723
0.799443 0.600742 0.799443 0.600742
0.799443 0.600742 0.692724 0.721202
0.799443 0.600742 0.568065 0.822984
0.799443 0.600742 0.428693 0.90345
0.799443 0.600742 0.278217 0.960518
0.799443 0.600742 0.120537 0.992709
0.799443 0.600742 -0.040266 0.999189
0.799443 0.600742 -0.200026 0.979791
0.799443 0.600742 -0.354605 0.935016
0.799443 0.600742 -0.5 0.866025
0.799443 0.600742 -0.632445 0.774605
0.799443 0.600742 -0.748511 0.663123
0.799443 0.600742 -0.84519 0.534466
0.799443 0.600742 -0.919979 0.391967
0.799443 0.600742 -0.970942 0.239316
0.799443 0.600742 -0.996757 0.0804665
0.799443 0.600742 -0.996757 -0.0804666
0.799443 0.600742 -0.970942 -0.239316
0.799443 0.600742 -0.919979 -0.391967
0.799443 0.600742 -0.84519 -0.534466
0.799443 0.600742 -0.748511 -0.663123
0.799443 0.600742 -0.632445 -0.774605
0.799443 0.600742 -0.5 -0.866025
0.799443 0.600742 -0.354605 -0.935016
0.799443 0.600742 -0.200026 -0.979791
0.799443 0.600742 -0.0402659 -0.999189
0.799443 0.600742 0.120537 -0.992709
0.799443 0.600742 0.278218 -0.960518
0.799443 0.600742 0.428693 -0.90345
0.799443 0.600742 0.568065 -0.822984
0.799443 0.600742 0.692724 -0.721202
0.799443 0.600742 0.799443 -0.600742
0.799443 0.600742 0.885456 -0.464723
0.799443 0.600742 0.948536 -0.316668
0.799443 0.600742 0.98705 -0.160411
0.799443 0.600742 1 9.28204e-08
0.692724 0.721202 1 0
0.692724 0.721202 0.98705 0.160411
0.692724 0.721202 0.948536 0.316668
0.692724 0.721202 0.885456 0.464723
0.692724 0.721202 0.799443 0.600742
0.692724 0.721202 0.692724 0.721202
0.692724 0.721202 0.568065 0.822984
0.692724 0.721202 0.428693 0.90345
0.692724 0.721202 0.278217 0.960518
0.692724 0.721202 0.120537 0.992709
0.692724 0.721202 -0.040266 0.999189
0.692724 0.721202 -0.200026 0.979791
0.692724 0.721202 -0.354605 0.935016
0.692724 0.721202 -0.5 0.866025
0.692724 0.721202 -0.632445 0.774605
0.692724 0.721202 -0.748511 0.663123
0.692724 0.721202 -0.84519 0.534466
0.692724 0.721202 -0.919979 0.391967
0.692724 0.721202 -0.970942 0.239316
0.692724 0.721202 -0.996757 0.0804665
0.692724 0.721202 -0.996757 -0.0804666
0.692724 0.721202 -0.970942 -0.239316
0.692724 0.721202 -0.919979 -0.391967
0.692724 0.721202 -0.84519 -0.534466
0.692724 0.721202 -0.748511 -0.663123
0.692724 0.721202 -0.632445 -0.774605
0.692724 0.721202 -0.5 -0.866025
0.692724 0.721202 -0.354605 -0.935016
0.692724 0.721202 -0.200026 -0.979791
0.692724 0.721202 -0.0402659 -0.999189
0.692724 0.721202 0.120537 -0.992709
0.692724 0.721202 0.278218 -0.960518
0.692724 0.721202 0.428693 -0.90345
0.692724 0.721202 0.568065 -0.822984
0.692724 0.721202 0.692724 -0.721202
0.692724 0.721202 0.799443 -0.600742
0.692724 0.721202 0.885456 -0.464723
0.692724 0.721202 0.948536 -0.316668
0.692724 0.721202 0.98705 -0.160411
0.692724 0.721202 1 9.28204e-08
0.568065 0.822984 1 0
0.568065 0.822984 0.98705 0.160411
0.568065 0.822984 0.948536 0.316668
0.568065 0.822984 0.885456 0.464723
0.568065 0.822984 0.799443 0.600742
0.568065 0.822984 0.692724 0.721202
0.568065 0.822984 0.568065 0.822984
0.568065 0.822984 0.428693 0.90345
0.568065 0.822984 0.278217 0.960518
0.568065 0.822984 0.120537 0.992709
0.568065 0.822984 -0.040266 0.999189
0.568065 0.822984 -0.200026 0.979791
0.568065 0.822984 -0.354605 0.935016
0.568065 0.822984 -0.5 0.866025
0.568065 0.822984 -0.632445 0.774605
0.568065 0.822984 -0.748511 0.663123
0.568065 0.822984 -0.84519 0.534466
0.568065 0.822984 -0.919979 0.391967
0.568065 0.822984 -0.970942 0.239316
0.568065 0.822984 -0.996757 0.0804665
0.568065 0.822984 -0.996757 -0.0804666
0.568065 0.822984 -0.970942 -0.239316
0.568065 0.822984 -0.919979 -0.391967
0.568065 0.822984 -0.84519 -0.534466
0.568065 0.822984 -0.748511 -0.663123
0.568065 0.822984 -0.632445 -0.774605
0.568065 0.822984 -0.5 -0.866025
0.568065 0.822984 -0.354605 -0.935016
0.568065 0.822984 -0.200026 -0.979791
0.568065 0.822984 -0.0402659 -0.999189
0.568065 0.822984 0.120537 -0.992709
0.568065 0.822984 0.278218 -0.960518
0.568065 0.822984 0.428693 -0.90345
0.568065 0.822984 0.568065 -0.822984
0.568065 0.822984 0.692724 -0.721202
0.568065 0.822984 0.799443 -0.600742
0.568065 0.822984 0.885456 -0.464723
0.568065 0.822984 0.948536 -0.316668
0.568065 0.822984 0.98705 -0.160411
0.568065 0.822984 1 9.28204e-08
0.428693 0.90345 1 0
0.428693 0.90345 0.98705 0.160411
0.428693 0.90345 0.948536 0.316668
0.428693 0.90345 0.885456 0.464723
0.428693 0.90345 0.799443 0.600742
0.428693 0.90345 0.692724 0.721202
0.428693 0.90345 0.568065 0.822984
0.428693 0.90345 0.428693 0.90345
0.428693 0.90345 0.278217 0.960518
0.428693 0.90345 0.120537 0.992709
0.428693 0.90345 -0.040266 0.999189
0.428693 0.90345 -0.200026 0.979791
0.428693 0.90345 -0.354605 0.935016
0.428693 0.90345 -0.5 0.866025
0.428693 0.90345 -0.632445 0.774605
0.428693 0.90345 -0.748511 0.663123
0.428693 0.90345 -0.84519 0.534466
0.428693 0.90345 -0.919979 0.391967
0.428693 0.90345 -0.970942 0.239316
0.428693 0.90345 -0.996757 0.0804665
0.428693 0.90345 -0.996757 -0.0804666
0.428693 0.90345 -0.970942 -0.239316
0.428693 0.90345 -0.919979 -0.391967
0.428693 0.90345 -0.84519 -0.534466
0.428693 0.90345 -0.748511 -0.663123
0.428693 0.90345 -0.632445 -0.774605
0.428693 0.90345 -0.5 -0.866025
0.428693 0.90345 -0.354605 -0.935016
0.428693 0.90345 -0.200026 -0.979791
0.428693 0.90345 -0.0402659 -0.999189
0.428693 0.90345 0.120537 -0.992709
0.428693 0.90345 0.278218 -0.960518
0.428693 0.90345 0.428693 -0.90345
0.428693 0.90345 0.568065 -0.822984
0.428693 0.90345 0.692724 -0.721202
0.428693 0.90345 0.799443 -0.600742
0.428693 0.90345 0.885456 -0.464723
0.428693 0.90345 0.948536 -0.316668
0.428693 0.90345 0.98705 -0.160411
0.428693 0.90345 1 9.28204e-08
0.278217 0.960518 1 0
0.278217 0.960518 0.98705 0.160411
0.278217 0.960518 0.948536 0.316668
0.278217 0.960518 0.885456 0.464723
0.278217 0.960518 0.799443 0.600742
0.278217 0.960518 0.692724 0.721202
0.278217 0.960518 0.568065 0.822984
0.278217 0.960518 0.428693 0.90345
0.278217 0.960518 0.278217 0.960518
0.278217 0.960518 0.120537 0.992709
0.278217 0.960518 -0.040266 0.999189
0.278217 0.960518 -0.200026 0.979791
0.278217 0.960518 -0.354605 0.935016
0.278217 0.960518 -0.5 0.866025
0.278217 0.960518 -0.632445 0.774605
0.278217 0.960518 -0.748511 0.663123
0.278217 0.960518 -0.84519 0.534466
0.278217 0.960518 -0.919979 0.391967
0.278217 0.960518 -0.970942 0.239316
0.278217 0.960518 -0.996757 0.0804665
0.278217 0.960518 -0.996757 -0.0804666
0.278217 0.960518 -0.970942 -0.239316
0.278217 0.960518 -0.919979 -0.391967
0.278217 0.960518 -0.84519 -0.534466
0.278217 0.960518 -0.748511 -0.663123
0.278217 0.960518 -0.632445 -0.774605
0.278217 0.960518 -0.5 -0.866025
0.278217 0.960518 -0.354605 -0.935016
0.278217 0.960518 -0.200026 -0.979791
0.278217 0.960518 -0.0402659 -0.999189
0.278217 0.960518 0.120537 -0.992709
0.278217 0.960518 0.278218 -0.960518
0.278217 0.960518 0.428693 -0.90345
0.278217 0.960518 0.568065 -0.822984
0.278217 0.960518 0.692724 -0.721202
0.278217 0.960518 0.799443 -0.600742
0.278217 0.960518 0.885456 -0.464723
0.278217 0.960518 0.948536 -0.316668
0.278217 0.960518 0.98705 -0.160411
0.278217 0.960518 1 9.28204e-08
0.120537 0.992709 1 0
0.120537 0.992709 0.98705 0.160411
0.120537 0.992709 0.948536 0.316668
0.120537 0.992709 0.885456 0.464723
0.120537 0.992709 0.799443 0.600742
0.120537 0.992709 0.692724 0.721202
0.120537 0.992709 0.568065 0.822984
0.120537 0.992709 0.428693 0.90345
0.120537 0.992709 0.278217 0.960518
0.120537 0.992709 0.120537 0.992709
0.120537 0.992709 -0.040266 0.999189
0.120537 0.992709 -0.200026 0.979791
0.120537 0.992709 -0.354605 0.935016
0.120537 0.992709 -0.5 0.866025
0.120537 0.992709 -0.632445 0.774605
0.120537 0.992709 -0.748511 0.663123
0.120537 0.992709 -0.84519 0.534466
0.120537 0.992709 -0.919979 0.391967
0.120537 0.992709 -0.970942 0.239316
0.120537 0.992709 -0.996757 0.0804665
0.120537 0.992709 -0.996757 -0.0804666
0.120537 0.992709 -0.970942 -0.239316
0.120537 0.992709 -0.919979 -0.391967
0.120537 0.992709 -0.84519 -0.534466
0.120537 0.992709 -0.748511 -0.663123
0.120537 0.992709 -0.632445 -0.774605
0.120537 0.992709 -0.5 -0.866025
0.120537 0.992709 -0.354605 -0.935016
0.120537 0.992709 -0.200026 -0.979791
0.120537 0.992709 -0.0402659 -0.999189
0.120537 0.992709 0.120537 -0.992709
0.120537 0.992709 0.278218 -0.960518
0.120537 0.992709 0.428693 -0.90345
0.120537 0.992709 0.568065 -0.822984
0.120537 0.992709 0.692724 -0.721202
0.120537 0.992709 0.799443 -0.600742
0.120537 0.992709 0.885456 -0.464723
0.120537 0.992709 0.948536 -0.316668
0.120537 0.992709 0.98705 -0.160411
0.120537 0.992709 1 9.28204e-08
-0.040266 0.999189 1 0
-0.040266 0.999189 0.98705 0.160411
-0.040266 0.999189 0.948536 0.316668
-0.040266 0.999189 0.885456 0.464723
-0.040266 0.999189 0.799443 0.600742
-0.040266 0.999189 0.692724 0.721202
-0.040266 0.999189 0.568065 0.822984
-0.040266 0.999189 0.428693 0.90345
-0.040266 0.999189 0.278217 0.960518
-0.040266 0.999189 0.120537 0.992709
-0.040266 0.999189 -0.040266 0.999189
-0.040266 0.999189 -0.200026 0.979791
-0.040266 0.999189 -0.354605 0.935016
-0.040266 0.999189 -0.5 0.866025
-0.040266 0.999189 -0.632445 0.774605
-0.040266 0.999189 -0.748511 0.663123
-0.040266 0.999189 -0.84519 0.534466
-0.040266 0.999189 -0.919979 0.391967
-0.040266 0.999189 -0.970942 0.239316
-0.040266 0.999189 -0.996757 0.0804665
-0.040266 0.999189 -0.996757 -0.0804666
-0.040266 0.999189 -0.970942 -0.239316
-0.040266 0.999189 -0.919979 -0.391967
-0.040266 0.999189 -0.84519 -0.534466
-0.040266 0.999189 -0.748511 -0.663123
-0.040266 0.999189 -0.632445 -0.774605
-0.040266 0.999189 -0.5 -0.866025
-0.040266 0.999189 -0.354605 -0.935016
-0.040266 0.999189 -0.200026 -0.979791
-0.040266 0.999189 -0.0402659 -0.999189
-0.040266 0.999189 0.120537 -0.992709
-0.040266 0.999189 0.278218 -0.960518
-0.040266 0.999189 0.428693 -0.90345
-0.040266 0.999189 0.568065 -0.822984
-0.040266 0.999189 0.692724 -0.721202
-0.040266 0.999189 0.799443 -0.600742
-0.040266 0.999189 0.885456 -0.464723
-0.040266 0.999189 0.948536 -0.316668
-0.040266 0.999189 0.98705 -0.160411
-0.040266 0.999189 1 9.28204e-08
-0.200026 0.979791 1 0
-0.200026 0.979791 0.98705 0.160411
-0.200026 0.979791 0.948536 0.316668
-0.200026 0.979791 0.885456 0.464723
-0.200026 0.979791 0.799443 0.600742
-0.200026 0.979791 0.692724 0.721202
-0.200026 0.979791 0.568065 0.822984
-0.200026 0.979791 0.428693 0.90345
-0.200026 0.979791 0.278217 0.960518
-0.200026 0.979791 0.120537 0.992709
-0.200026 0.979791 -0.040266 0.999189
-0.200026 0.979791 -0.200026 0.979791
-0.200026 0.979791 -0.354605 0.935016
-0.200026 0.979791 -0.5 0.866025
-0.200026 0.979791 -0.632445 0.774605
-0.200026 0.979791 -0.748511 0.663123
-0.200026 0.979791 -0.84519 0.534466
-0.200026 0.979791 -0.919979 0.391967
-0.200026 0.979791 -0.970942 0.239316
-0.200026 0.979791 -0.996757 0.0804665
-0.200026 0.979791 -0.996757 -0.0804666
-0.200026 0.979791 -0.970942 -0.239316
-0.200026 0.979791 -0.919979 -0.391967
-0.200026 0.979791 -0.84519 -0.534466
-0.200026 0.979791 -0.748511 -0.663123
-0.200026 0.979791 -0.632445 -0.774605
-0.200026 0.979791 -0.5 -0.866025
-0.200026 0.979791 -0.354605 -0.935016
-0.200026 0.979791 -0.200026 -0.979791
-0.200026 0.979791 -0.0402659 -0.999189
-0.200026 0.979791 0.120537 -0.992709
-0.200026 0.979791 0.278218 -0.960518
-0.200026 0.979791 0.428693 -0.90345
-0.200026 0.979791 0.568065 -0.822984
-0.200026 0.979791 0.692724 -0.721202
-0.200026 0.979791 0.799443 -0.600742
-0.200026 0.979791 0.885456 -0.464723
-0.200026 0.979791 0.948536 -0.316668
-0.200026 0.979791 0.98705 -0.160411
-0.200026 0.979791 1 9.28204e-08
-0.354605 0.935016 1 0
-0.354605 0.935016 0.98705 0.160411
-0.354605 0.935016 0.948536 0.316668
-0.354605 0.935016 0.885456 0.464723
-0.354605 0.935016 0.799443 0.600742
-0.354605 0.935016 0.692724 0.721202
-0.354605 0.935016 0.568065 0.822984
-0.354605 0.935016 0.428693 0.90345
-0.354605 0.935016 0.278217 0.960518
-0.354605 0.935016 0.120537 0.992709
-0.354605 0.935016 -0.040266 0.999189
-0.354605 0.935016 -0.200026 0.979791
-0.354605 0.935016 -0.354605 0.935016
-0.354605 0.935016 -0.5 0.866025
-0.354605 0.935016 -0.632445 0.774605
-0.354605 0.935016 -0.748511 0.663123
-0.354605 0.935016 -0.84519 0.534466
-0.354605 0.935016 -0.919979 0.391967
-0.354605 0.935016 -0.970942 0.239316
-0.354605 0.935016 -0.996757 0.0804665
-0.354605 0.935016 -0.996757 -0.0804666
-0.354605 0.935016 -0.970942 -0.239316
-0.354605 0.935016 -0.919979 -0.391967
-0.354605 0.935016 -0.84519 -0.534466
-0.354605 0.935016 -0.748511 -0.663123
-0.354605 0.935016 -0.632445 -0.774605
-0.354605 0.935016 -0.5 -0.866025
-0.354605 0.935016 -0.354605 -0.935016
-0.354605 0.935016 -0.200026 -0.979791
-0.354605 0.935016 -0.0402659 -0.999189
-0.354605 0.935016 0.120537 -0.992709
-0.354605 0.935016 0.278218 -0.960518
-0.354605 0.935016 0.428693 -0.90345
-0.354605 0.935016 0.568065 -0.822984
-0.354605 0.935016 0.692724 -0.721202
-0.354605 0.935016 0.799443 -0.600742
-0.354605 0.935016 0.885456 -0.464723
-0.354605 0.935016 0.948536 -0.316668
-0.354605 0.935016 0.98705 -0.160411
-0.354605 0.935016 1 9.28204e-08
-0.5 0.866025 1 0
-0.5 0.866025 0.98705 0.160411
-0.5 0.866025 0.948536 0.316668
-0.5 0.866025 0.885456 0.464723
-0.5 0.866025 0.799443 0.600742
-0.5 0.866025 0.692724 0.721202
-0.5 0.866025 0.568065 0.822984
-0.5 0.866025 0.428693 0.90345
-0.5 0.866025 0.278217 0.960518
-0.5 0.866025 0.120537 0.992709
-0.5 0.866025 -0.040266 0.999189
-0.5 0.866025 -0.200026 0.979791
-0.5 0.866025 -0.354605 0.935016
-0.5 0.866025 -0.5 0.866025
-0.5 0.866025 -0.632445 0.774605
-0.5 0.866025 -0.748511 0.663123
-0.5 0.866025 -0.84519 0.534466
-0.5 0.866025 -0.919979 0.391967
-0.5 0.866025 -0.970942 0.239316
-0.5 0.866025 -0.996757 0.0804665
-0.5 0.866025 -0.996757 -0.0804666
-0.5 0.866025 -0.970942 -0.239316
-0.5 0.866025 -0.919979 -0.391967
-0.5 0.866025 -0.84519 -0.534466
-0.5 0.866025 -0.748511 -0.663123
-0.5 0.866025 -0.632445 -0.774605
-0.5 0.866025 -0.5 -0.866025
-0.5 0.866025 -0.354605 -0.935016
-0.5 0.866025 -0.200026 -0.979791
-0.5 0.866025 -0.0402659 -0.999189
-0.5 0.866025 0.120537 -0.992709
-0.5 0.866025 0.278218 -0.960518
-0.5 0.866025 0.428693 -0.90345
-0.5 0.866025 0.568065 -0.822984
-0.5 0.866025 0.692724 -0.721202
-0.5 0.866025 0.799443 -0.600742
-0.5 0.866025 0.885456 -0.464723
-0.5 0.866025 0.948536 -0.316668
-0.5 0.866025 0.98705 -0.160411
-0.5 0.866025 1 9.28204e-08
-0.632445 0.774605 1 0
-0.632445 0.774605 0.98705 0.160411
-0.632445 0.774605 0.948536 0.316668
-0.632445 0.774605 0.885456 0.464723
-0.632445 0.774605 0.799443 0.600742
-0.632445 0.774605 0.692724 0.721202
-0.632445 0.774605 0.568065 0.822984
-0.632445 0.774605 0.428693 0.90345
-0.632445 0.774605 0.278217 0.960518
-0.632445 0.774605 0.120537 0.992709
-0.632445 0.774605 -0.040266 0.999189
-0.632445 0.774605 -0.200026 0.979791
-0.632445 0.774605 -0.354605 0.935016
-0.632445 0.774605 -0.5 0.866025
-0.632445 0.774605 -0.632445 0.774605
-0.632445 0.774605 -0.748511 0.663123
-0.632445 0.774605 -0.84519 0.534466
-0.632445 0.774605 -0.919979 0.391967
-0.632445 0.774605 -0.970942 0.239316
-0.632445 0.774605 -0.996757 0.0804665
-0.632445 0.774605 -0.996757 -0.0804666
-0.632445 0.774605 -0.970942 -0.239316
-0.632445 0.774605 -0.919979 -0.391967
-0.632445 0.774605 -0.84519 -0.534466
-0.632445 0.774605 -0.748511 -0.663123
-0.632445 0.774605 -0.632445 -0.774605
-0.632445 0.774605 -0.5 -0.866025
-0.632445 0.774605 -0.354605 -0.935016
-0.632445 0.774605 -0.200026 -0.979791
-0.632445 0.774605 -0.0402659 -0.999189
-0.632445 0.774605 0.120537 -0.992709
-0.632445 0.774605 0.278218 -0.960518
-0.632445 0.774605 0.428693 -0.90345
-0.632445 0.774605 0.568065 -0.822984
-0.632445 0.774605 0.692724 -0.721202
-0.632445 0.774605 0.799443 -0.600742
-0.632445 0.774605 0.885456 -0.464723
-0.632445 0.774605 0.948536 -0.316668
-0.632445 0.774605 0.98705 -0.160411
-0.632445 0.774605 1 9.28204e-08
-0.748511 0.663123 1 0
-0.748511 0.663123 0.98705 0.160411
-0.748511 0.663123 0.948536 0.316668
-0.748511 0.663123 0.885456 0.464723
-0.748511 0.663123 0.799443 0.600742
-0.748511 0.663123 0.692724 0.721202
-0.748511 0.663123 0.568065 0.822984
-0.748511 0.663123 0.428693 0.90345
-0.748511 0.663123 0.278217 0.960518
-0.748511 0.663123 0.120537 0.992709
-0.748511 0.663123 -0.040266 0.999189
-0.748511 0.663123 -0.200026 0.979791
-0.748511 0.663123 -0.354605 0.935016
-0.748511 0.663123 -0.5 0.866025
-0.748511 0.663123 -0.632445 0.774605
-0.748511 0.663123 -0.748511 0.663123
-0.748511 0.663123 -0.84519 0.534466
-0.748511 0.663123 -0.919979 0.391967
-0.748511 0.663123 -0.970942 0.239316
-0.748511 0.663123 -0.996757 0.0804665
-0.748511 0.663123 -0.996757 -0.0804666
-0.748511 0.663123 -0.970942 -0.239316
-0.748511 0.663123 -0.919979 -0.391967
-0.748511 0.663123 -0.84519 -0.534466
-0.748511 0.663123 -0.748511 -0.663123
-0.748511 0.663123 -0.632445 -0.774605
-0.748511 0.663123 -0.5 -0.866025
-0.748511 0.663123 -0.354605 -0.935016
-0.748511 0.663123 -0.200026 -0.979791
-0.748511 0.663123 -0.0402659 -0.999189
-0.748511 0.663123 0.120537 -0.992709
-0.748511 0.663123 0.278218 -0.960518
-0.748511 0.663123 0.428693 -0.90345
-0.748511 0.663123 0.568065 -0.822984
-0.748511 0.663123 0.692724 -0.721202
-0.748511 0.663123 0.799443 -0.600742
-0.748511 0.663123 0.885456 -0.464723
-0.748511 0.663123 0.948536 -0.316668
-0.748511 0.663123 0.98705 -0.160411
-0.748511 0.663123 1 9.28204e-08
-0.84519 0.534466 1 0
-0.84519 0.534466 0.98705 0.160411
-0.84519 0.534466 0.948536 0.316668
-0.84519 0.534466 0.885456 0.464723
-0.84519 0.534466 0.799443 0.600742
-0.84519 0.534466 0.692724 0.721202
-0.84519 0.534466 0.568065 0.822984
-0.84519 0.534466 0.428693 0.90345
-0.84519 0.534466 0.278217 0.960518
-0.84519 0.534466 0.120537 0.992709
-0.84519 0.534466 -0.040266 0.999189
-0.84519 0.534466 -0.200026 0.979791
-0.84519 0.534466 -0.354605 0.935016
-0.84519 0.534466 -0.5 0.866025
-0.84519 0.534466 -0.632445 0.774605
-0.84519 0.534466 -0.748511 0.663123
-0.84519 0.534466 -0.84519 0.534466
-0.84519 0.534466 -0.919979 0.391967
-0.84519 0.534466 -0.970942 0.239316
-0.84519 0.534466 -0.996757 0.0804665
-0.84519 0.534466 -0.996757 -0.0804666
-0.84519 0.534466 -0.970942 -0.239316
-0.84519 0.534466 -0.919979 -0.391967
-0.84519 0.534466 -0.84519 -0.534466
-0.84519 0.534466 -0.748511 -0.663123
-0.84519 0.534466 -0.632445 -0.774605
-0.84519 0.534466 -0.5 -0.866025
-0.84519 0.534466 -0.354605 -0.935016
-0.84519 0.534466 -0.200026 -0.979791
-0.84519 0.534466 -0.0402659 -0.999189
-0.84519 0.534466 0.120537 -0.992709
-0.84519 0.534466 0.278218 -0.960518
-0.84519 0.534466 0.428693 -0.90345
-0.84519 0.534466 0.568065 -0.822984
-0.84519 0.534466 0.692724 -0.721202
-0.84519 0.534466 0.799443 -0.600742
-0.84519 0.534466 0.885456 -0.464723
-0.84519 0.534466 0.948536 -0.316668
-0.84519 0.534466 0.98705 -0.160411
-0.84519 0.534466 1 9.28204e-08
-0.919979 0.391967 1 0
-0.919979 0.391967 0.98705 0.160411
-0.919979 0.391967 0.948536 0.316668
-0.919979 0.391967 0.885456 0.464723
-0.919979 0.391967 0.799443 0.600742
-0.919979 0.391967 0.692724 0.721202
-0.919979 0.391967 0.568065 0.822984
-0.919979 0.391967 0.428693 0.90345
-0.919979 0.391967 0.278217 0.960518
-0.919979 0.391967 0.120537 0.992709
-0.919979 0.391967 -0.040266 0.999189
-0.919979 0.391967 -0.200026 0.979791
-0.919979 0.391967 -0.354605 0.935016
-0.919979 0.391967 -0.5 0.866025
-0.919979 0.391967 -0.632445 0.774605
-0.919979 0.391967 -0.748511 0.663123
-0.919979 0.391967 -0.84519 0.534466
-0.919979 0.391967 -0.919979 0.391967
-0.919979 0.391967 -0.970942 0.239316
-0.919979 0.391967 -0.996757 0.0804665
-0.919979 0.391967 -0.996757 -0.0804666
-0.919979 0.391967 -0.970942 -0.239316
-0.919979 0.391967 -0.919979 -0.391967
-0.919979 0.391967 -0.84519 -0.534466
-0.919979 0.391967 -0.748511 -0.663123
-0.919979 0.391967 -0.632445 -0.774605
-0.919979 0.391967 -0.5 -0.866025
-0.919979 0.391967 -0.354605 -0.935016
-0.919979 0.391967 -0.200026 -0.979791
-0.919979 0.391967 -0.0402659 -0.999189
-0.919979 0.391967 0.120537 -0.992709
-0.919979 0.391967 0.278218 -0.960518
-0.919979 0.391967 0.428693 -0.90345
-0.919979 0.391967 0.568065 -0.822984
-0.919979 0.391967 0.692724 -0.721202
-0.919979 0.391967 0.799443 -0.600742
-0.919979 0.391967 0.885456 -0.464723
-0.919979 0.391967 0.948536 -0.316668
-0.919979 0.391967 0.98705 -0.160411
-0.919979 0.391967 1 9.28204e-08
-0.970942 0.239316 1 0
-0.970942 0.239316 0.98705 0.160411
-0.970942 0.239316 0.948536 0.316668
-0.970942 0.239316 0.885456 0.464723
-0.970942 0.239316 0.799443 0.600742
-0.970942 0.239316 0.692724 0.721202
-0.970942 0.239316 0.568065 0.822984
-0.970942 0.239316 0.428693 0.90345
-0.970942 0.239316 0.278217 0.960518
-0.970942 0.239316 0.120537 0.992709
-0.970942 0.239316 -0.040266 0.999189
-0.970942 0.239316 -0.200026 0.979791
-0.970942 0.239316 -0.354605 0.935016
-0.970942 0.239316 -0.5 0.866025
-0.970942 0.239316 -0.632445 0.774605
-0.970942 0.239316 -0.748511 0.663123
-0.970942 0.239316 -0.84519 0.534466
-0.970942 0.239316 -0.919979 0.391967
-0.970942 0.239316 -0.970942 0.239316
-0.970942 0.239316 -0.996757 0.0804665
-0.970942 0.239316 -0.996757 -0.0804666
-0.970942 0.239316 -0.970942 -0.239316
-0.970942 0.239316 -0.919979 -0.391967
-0.970942 0.239316 -0.84519 -0.534466
-0.970942 0.239316 -0.748511 -0.663123
-0.970942 0.239316 -0.632445 -0.774605
-0.970942 0.239316 -0.5 -0.866025
-0.970942 0.239316 -0.354605 -0.935016
-0.970942 0.239316 -0.200026 -0.979791
-0.970942 0.239316 -0.0402659 -0.999189
-0.970942 0.239316 0.120537 -0.992709
-0.970942 0.239316 0.278218 -0.960518
-0.970942 0.239316 0.428693 -0.90345
-0.970942 0.239316 0.568065 -0.822984
-0.970942 0.239316 0.692724 -0.721202
-0.970942 0.239316 0.799443 -0.600742
-0.970942 0.239316 0.885456 -0.464723
-0.970942 0.239316 0.948536 -0.316668
-0.970942 0.239316 0.98705 -0.160411
-0.970942 0.239316 1 9.28204e-08
-0.996757 0.0804665 1 0
-0.996757 0.0804665 0.98705 0.160411
-0.996757 0.0804665 0.948536 0.316668
-0.996757 0.0804665 0.885456 0.464723
-0.996757 0.0804665 0.799443 0.600742
-0.996757 0.0804665 0.692724 0.721202
-0.996757 0.0804665 0.568065 0.822984
-0.996757 0.0804665 0.428693 0.90345
-0.996757 0.0804665 0.278217 0.960518
-0.996757 0.0804665 0.120537 0.992709
-0.996757 0.0804665 -0.040266 0.999189
-0.996757 0.0804665 -0.200026 0.979791
-0.996757 0.0804665 -0.354605 0.935016
-0.996757 0.0804665 -0.5 0.866025
-0.996757 0.0804665 -0.632445 0.774605
-0.996757 0.0804665 -0.748511 0.663123
-0.996757 0.0804665 -0.84519 0.534466
-0.996757 0.0804665 -0.919979 0.391967
-0.996757 0.0804665 -0.970942 0.239316
-0.996757 0.0804665 -0.996757 0.0804665
-0.996757 0.0804665 -0.996757 -0.0804666
-0.996757 0.0804665 -0.970942 -0.239316
-0.996757 0.0804665 -0.919979 -0.391967
-0.996757 0.0804665 -0.84519 -0.534466
-0.996757 0.0804665 -0.748511 -0.663123
-0.996757 0.0804665 -0.632445 -0.774605
-0.996757 0.0804665 -0.5 -0.866025
-0.996757 0.0804665 -0.354605 -0.935016
-0.996757 0.0804665 -0.200026 -0.979791
-0.996757 0.0804665 -0.0402659 -0.999189
-0.996757 0.0804665 0.120537 -0.992709
-0.996757 0.0804665 0.278218 -0.960518
-0.996757 0.0804665 0.428693 -0.90345
-0.996757 0.0804665 0.568065 -0.822984
-0.996757 0.0804665 0.692724 -0.721202
-0.996757 0.0804665 0.799443 -0.600742
-0.996757 0.0804665 0.885456 -0.464723
-0.996757 0.0804665 0.948536 -0.316668
-0.996757 0.0804665 0.98705 -0.160411
-0.996757 0.0804665 1 9.28204e-08
-0.996757 -0.0804666 1 0
-0.996757 -0.0804666 0.98705 0.160411
-0.996757 -0.0804666 0.948536 0.316668
-0.996757 -0.0804666 0.885456 0.464723
-0.996757 -0.0804666 0.799443 0.600742
-0.996757 -0.0804666 0.692724 0.721202
-0.996757 -0.0804666 0.568065 0.822984
-0.996757 -0.0804666 0.428693 0.90345
-0.996757 -0.0804666 0.278217 0.960518
-0.996757 -0.0804666 0.120537 0.992709
-0.996757 -0.0804666 -0.040266 0.999189
-0.996757 -0.0804666 -0.200026 0.979791
-0.996757 -0.0804666 -0.354605 0.935016
-0.996757 -0.0804666 -0.5 0.866025
-0.996757 -0.0804666 -0.632445 0.774605
-0.996757 -0.0804666 -0.748511 0.663123
-0.996757 -0.0804666 -0.84519 0.534466
-0.996757 -0.0804666 -0.919979 0.391967
-0.996757 -0.0804666 -0.970942 0.239316
-0.996757 -0.0804666 -0.996757 0.0804665
-0.996757 -0.0804666 -0.996757 -0.0804666
-0.996757 -0.0804666 -0.970942 -0.239316
-0.996757 -0.0804666 -0.919979 -0.391967
-0.996757 -0.0804666 -0.84519 -0.534466
-0.996757 -0.0804666 -0.748511 -0.663123
-0.996757 -0.0804666 -0.632445 -0.774605
-0.996757 -0.0804666 -0.5 -0.866025
-0.996757 -0.0804666 -0.354605 -0.935016
-0.996757 -0.0804666 -0.200026 -0.979791
-0.996757 -0.0804666 -0.0402659 -0.999189
-0.996757 -0.0804666 0.120537 -0.992709
-0.996757 -0.0804666 0.278218 -0.960518
-0.996757 -0.0804666 0.428693 -0.90345
-0.996757 -0.0804666 0.568065 -0.822984
-0.996757 -0.0804666 0.692724 -0.721202
-0.996757 -0.0804666 0.799443 -0.600742
-0.996757 -0.0804666 0.885456 -0.464723
-0.996757 -0.0804666 0.948536 -0.316668
-0.996757 -0.0804666 0.98705 -0.160411
-0.996757 -0.0804666 1 9.28204e-08
-0.970942 -0.239316 1 0
-0.970942 -0.239316 0.98705 0.160411
-0.970942 -0.239316 0.948536 0.316668
-0.970942 -0.239316 0.885456 0.464723
-0.970942 -0.239316 0.799443 0.600742
-0.970942 -0.239316 0.692724 0.721202
-0.970942 -0.239316 0.568065 0.822984
-0.970942 -0.239316 0.428693 0.90345
-0.970942 -0.239316 0.278217 0.960518
-0.970942 -0.239316 0.120537 0.992709
-0.970942 -0.239316 -0.040266 0.999189
-0.970942 -0.239316 -0.200026 0.979791
-0.970942 -0.239316 -0.354605 0.935016
-0.970942 -0.239316 -0.5 0.866025
-0.970942 -0.239316 -0.632445 0.774605
-0.970942 -0.239316 -0.748511 0.663123
-0.970942 -0.239316 -0.84519 0.534466
-0.970942 -0.239316 -0.919979 0.391967
-0.970942 -0.239316 -0.970942 0.239316
-0.970942 -0.239316 -0.996757 0.0804665
-0.970942 -0.239316 -0.996757 -0.0804666
-0.970942 -0.239316 -0.970942 -0.239316
-0.970942 -0.239316 -0.919979 -0.391967
-0.970942 -0.239316 -0.84519 -0.534466
-0.970942 -0.239316 -0.748511 -0.663123
-0.970942 -0.239316 -0.632445 -0.774605
-0.970942 -0.239316 -0.5 -0.866025
-0.970942 -0.239316 -0.354605 -0.935016
-0.970942 -0.239316 -0.200026 -0.979791
-0.970942 -0.239316 -0.0402659 -0.999189
-0.970942 -0.239316 0.120537 -0.992709
-0.970942 -0.239316 0.278218 -0.960518
-0.970942 -0.239316 0.428693 -0.90345
-0.970942 -0.239316 0.568065 -0.822984
-0.970942 -0.239316 0.692724 -0.721202
-0.970942 -0.239316 0.799443 -0.600742
-0.970942 -0.239316 0.885456 -0.464723
-0.970942 -0.239316 0.948536 -0.316668
-0.970942 -0.239316 0.98705 -0.160411
-0.970942 -0.239316 1 9.28204e-08
-0.919979 -0.391967 1 0
-0.919979 -0.391967 0.98705 0.160411
-0.919979 -0.391967 0.948536 0.316668
-0.919979 -0.391967 0.885456 0.464723
-0.919979 -0.391967 0.799443 0.600742
-0.919979 -0.391967 0.692724 0.721202
-0.919979 -0.391967 0.568065 0.822984
-0.919979 -0.391967 0.428693 0.90345
-0.919979 -0.391967 0.278217 0.960518
-0.919979 -0.391967 0.120537 0.992709
-0.919979 -0.391967 -0.040266 0.999189
-0.919979 -0.391967 -0.200026 0.979791
-0.919979 -0.391967 -0.354605 0.935016
-0.919979 -0.391967 -0.5 0.866025
-0.919979 -0.391967 -0.632445 0.774605
-0.919979 -0.391967 -0.748511 0.663123
-0.919979 -0.391967 -0.84519 0.534466
-0.919979 -0.391967 -0.919979 0.391967
-0.919979 -0.391967 -0.970942 0.239316
-0.919979 -0.391967 -0.996757 0.0804665
-0.919979 -0.391967 -0.996757 -0.0804666
-0.919979 -0.391967 -0.970942 -0.239316
-0.919979 -0.391967 -0.919979 -0.391967
-0.919979 -0.391967 -0.84519 -0.534466
-0.919979 -0.391967 -0.748511 -0.663123
-0.919979 -0.391967 -0.632445 -0.774605
-0.919979 -0.391967 -0.5 -0.866025
-0.919979 -0.391967 -0.354605 -0.935016
-0.919979 -0.391967 -0.200026 -0.979791
-0.919979 -0.391967 -0.0402659 -0.999189
-0.919979 -0.391967 0.120537 -0.992709
-0.919979 -0.391967 0.278218 -0.960518
-0.919979 -0.391967 0.428693 -0.90345
-0.919979 -0.391967 0.568065 -0.822984
-0.919979 -0.391967 0.692724 -0.721202
-0.919979 -0.391967 0.799443 -0.600742
-0.919979 -0.391967 0.885456 -0.464723
-0.919979 -0.391967 0.948536 -0.316668
-0.919979 -0.391967 0.98705 -0.160411
-0.919979 -0.391967 1 9.28204e-08
-0.84519 -0.534466 1 0
-0.84519 -0.534466 0.98705 0.160411
-0.84519 -0.534466 0.948536 0.316668
-0.84519 -0.534466 0.885456 0.464723
-0.84519 -0.534466 0.799443 0.600742
-0.84519 -0.534466 0.692724 0.721202
-0.84519 -0.534466 0.568065 0.822984
-0.84519 -0.534466 0.428693 0.90345
-0.84519 -0.534466 0.278217 0.960518
-0.84519 -0.534466 0.120537 0.992709
-0.84519 -0.534466 -0.040266 0.999189
-0.84519 -0.534466 -0.200026 0.979791
-0.84519 -0.534466 -0.354605 0.935016
-0.84519 -0.534466 -0.5 0.866025
-0.84519 -0.534466 -0.632445 0.774605
-0.84519 -0.534466 -0.748511 0.663123
-0.84519 -0.534466 -0.84519 0.534466
-0.84519 -0.534466 -0.919979 0.391967
-0.84519 -0.534466 -0.970942 0.239316
-0.84519 -0.534466 -0.996757 0.0804665
-0.84519 -0.534466 -0.996757 -0.0804666
-0.84519 -0.534466 -0.970942 -0.239316
-0.84519 -0.534466 -0.919979 -0.391967
-0.84519 -0.534466 -0.84519 -0.534466
-0.84519 -0.534466 -0.748511 -0.663123
-0.84519 -0.534466 -0.632445 -0.774605
-0.84519 -0.534466 -0.5 -0.866025
-0.84519 -0.534466 -0.354605 -0.935016
-0.84519 -0.534466 -0.200026 -0.979791
-0.84519 -0.534466 -0.0402659 -0.999189
-0.84519 -0.534466 0.120537 -0.992709
-0.84519 -0.534466 0.278218 -0.960518
-0.84519 -0.534466 0.428693 -0.90345
-0.84519 -0.534466 0.568065 -0.822984
-0.84519 -0.534466 0.692724 -0.721202
-0.84519 -0.534466 0.799443 -0.600742
-0.84519 -0.534466 0.885456 -0.464723
-0.84519 -0.534466 0.948536 -0.316668
-0.84519 -0.534466 0.98705 -0.160411
-0.84519 -0.534466 1 9.28204e-08
-0.748511 -0.663123 1 0
-0.748511 -0.663123 0.98705 0.160411
-0.748511 -0.663123 0.948536 0.316668
-0.748511 -0.663123 0.885456 0.464723
-0.748511 -0.663123 0.799443 0.600742
-0.748511 -0.663123 0.692724 0.721202
-0.748511 -0.663123 0.568065 0.822984
-0.748511 -0.663123 0.428693 0.90345
-0.748511 -0.663123 0.278217 0.960518
-0.748511 -0.663123 0.120537 0.992709
-0.748511 -0.663123 -0.040266 0.999189
-0.748511 -0.663123 -0.200026 0.979791
-0.748511 -0.663123 -0.354605 0.935016
-0.748511 -0.663123 -0.5 0.866025
-0.748511 -0.663123 -0.632445 0.774605
-0.748511 -0.663123 -0.748511 0.663123
-0.748511 -0.663123 -0.84519 0.534466
-0.748511 -0.663123 -0.919979 0.391967
-0.748511 -0.663123 -0.970942 0.239316
-0.748511 -0.663123 -0.996757 0.0804665
-0.748511 -0.663123 -0.996757 -0.0804666
-0.748511 -0.663123 -0.970942 -0.239316
-0.748511 -0.663123 -0.919979 -0.391967
-0.748511 -0.663123 -0.84519 -0.534466
-0.748511 -0.663123 -0.748511 -0.663123
-0.748511 -0.663123 -0.632445 -0.774605
-0.748511 -0.663123 -0.5 -0.866025
-0.748511 -0.663123 -0.354605 -0.935016
-0.748511 -0.663123 -0.200026 -0.979791
-0.748511 -0.663123 -0.0402659 -0.999189
-0.748511 -0.663123 0.120537 -0.992709
-0.748511 -0.663123 0.278218 -0.960518
-0.748511 -0.663123 0.428693 -0.90345
-0.748511 -0.663123 0.568065 -0.822984
-0.748511 -0.663123 0.692724 -0.721202
-0.748511 -0.663123 0.799443 -0.600742
-0.748511 -0.663123 0.885456 -0.464723
-0.748511 -0.663123 0.948536 -0.316668
-0.748511 -0.663123 0.98705 -0.160411
-0.748511 -0.663123 1 9.28204e-08
-0.632445 -0.774605 1 0
-0.632445 -0.774605 0.98705 0.160411
-0.632445 -0.774605 0.948536 0.316668
-0.632445 -0.774605 0.885456 0.464723
-0.632445 -0.774605 0.799443 0.600742
-0.632445 -0.774605 0.692724 0.721202
-0.632445 -0.774605 0.568065 0.822984
-0.632445 -0.774605 0.428693 0.90345
-0.632445 -0.774605 0.278217 0.960518
-0.632445 -0.774605 0.120537 0.992709
-0.632445 -0.774605 -0.040266 0.999189
-0.632445 -0.774605 -0.200026 0.979791
-0.632445 -0.774605 -0.354605 0.935016
-0.632445 -0.774605 -0.5 0.866025
-0.632445 -0.774605 -0.632445 0.774605
-0.632445 -0.774605 -0.748511 0.663123
-0.632445 -0.774605 -0.84519 0.534466
-0.632445 -0.774605 -0.919979 0.391967
-0.632445 -0.774605 -0.970942 0.239316
-0.632445 -0.774605 -0.996757 0.0804665
-0.632445 -0.774605 -0.996757 -0.0804666
-0.632445 -0.774605 -0.970942 -0.239316
-0.632445 -0.774605 -0.919979 -0.391967
-0.632445 -0.774605 -0.84519 -0.534466
-0.632445 -0.774605 -0.748511 -0.663123
-0.632445 -0.774605 -0.632445 -0.774605
-0.632445 -0.774605 -0.5 -0.866025
-0.632445 -0.774605 -0.354605 -0.935016
-0.632445 -0.774605 -0.200026 -0.979791
-0.632445 -0.774605 -0.0402659 -0.999189
-0.632445 -0.774605 0.120537 -0.992709
-0.632445 -0.774605 0.278218 -0.960518
-0.632445 -0.774605 0.428693 -0.90345
-0.632445 -0.774605 0.568065 -0.822984
-0.632445 -0.774605 0.692724 -0.721202
-0.632445 -0.774605 0.799443 -0.600742
-0.632445 -0.774605 0.885456 -0.464723
-0.632445 -0.774605 0.948536 -0.316668
-0.632445 -0.774605 0.98705 -0.160411
-0.632445 -0.774605 1 9.28204e-08
-0.5 -0.866025 1 0
-0.5 -0.866025 0.98705 0.160411
-0.5 -0.866025 0.948536 0.316668
-0.5 -0.866025 0.885456 0.464723
-0.5 -0.866025 0.799443 0.600742
-0.5 -0.866025 0.692724 0.721202
-0.5 -0.866025 0.568065 0.822984
-0.5 -0.866025 0.428693 0.90345
-0.5 -0.866025 0.278217 0.960518
-0.5 -0.866025 0.120537 0.992709
-0.5 -0.866025 -0.040266 0.999189
-0.5 -0.866025 -0.200026 0.979791
-0.5 -0.866025 -0.354605 0.935016
-0.5 -0.866025 -0.5 0.866025
-0.5 -0.866025 -0.632445 0.774605
-0.5 -0.866025 -0.748511 0.663123
-0.5 -0.866025 -0.84519 0.534466
-0.5 -0.866025 -0.919979 0.391967
-0.5 -0.866025 -0.970942 0.239316
-0.5 -0.866025 -0.996757 0.0804665
-0.5 -0.866025 -0.996757 -0.0804666
-0.5 -0.866025 -0.970942 -0.239316
-0.5 -0.866025 -0.919979 -0.391967
-0.5 -0.866025 -0.84519 -0.534466
-0.5 -0.866025 -0.748511 -0.663123
-0.5 -0.866025 -0.632445 -0.774605
-0.5 -0.866025 -0.5 -0.866025
-0.5 -0.866025 -0.354605 -0.935016
-0.5 -0.866025 -0.200026 -0.979791
-0.5 -0.866025 -0.0402659 -0.999189
-0.5 -0.866025 0.120537 -0.992709
-0.5 -0.866025 0.278218 -0.960518
-0.5 -0.866025 0.428693 -0.90345
-0.5 -0.866025 0.568065 -0.822984
-0.5 -0.866025 0.692724 -0.721202
-0.5 -0.866025 0.799443 -0.600742
-0.5 -0.866025 0.885456 -0.464723
-0.5 -0.866025 0.948536 -0.316668
-0.5 -0.866025 0.98705 -0.160411
-0.5 -0.866025 1 9.28204e-08
-0.354605 -0.935016 1 0
-0.354605 -0.935016 0.98705 0.160411
-0.354605 -0.935016 0.948536 0.316668
-0.354605 -0.935016 0.885456 0.464723
-0.354605 -0.935016 0.799443 0.600742
-0.354605 -0.935016 0.692724 0.721202
-0.354605 -0.935016 0.568065 0.822984
-0.354605 -0.935016 0.428693 0.90345
-0.354605 -0.935016 0.278217 0.960518
-0.354605 -0.935016 0.120537 0.992709
-0.354605 -0.935016 -0.040266 0.999189
-0.354605 -0.935016 -0.200026 0.979791
-0.354605 -0.935016 -0.354605 0.935016
-0.354605 -0.935016 -0.5 0.866025
-0.354605 -0.935016 -0.632445 0.774605
-0.354605 -0.935016 -0.748511 0.663123
-0.354605 -0.935016 -0.84519 0.534466
-0.354605 -0.935016 -0.919979 0.391967
-0.354605 -0.935016 -0.970942 0.239316
-0.354605 -0.935016 -0.996757 0.0804665
-0.354605 -0.935016 -0.996757 -0.0804666
-0.354605 -0.935016 -0.970942 -0.239316
-0.354605 -0.935016 -0.919979 -0.391967
-0.354605 -0.935016 -0.84519 -0.534466
-0.354605 -0.935016 -0.748511 -0.663123
-0.354605 -0.935016 -0.632445 -0.774605
-0.354605 -0.935016 -0.5 -0.866025
-0.354605 -0.935016 -0.354605 -0.935016
-0.354605 -0.935016 -0.200026 -0.979791
-0.354605 -0.935016 -0.0402659 -0.999189
-0.354605 -0.935016 0.120537 -0.992709
-0.354605 -0.935016 0.278218 -0.960518
-0.354605 -0.935016 0.428693 -0.90345
-0.354605 -0.935016 0.568065 -0.822984
-0.354605 -0.935016 0.692724 -0.721202
-0.354605 -0.935016 0.799443 -0.600742
-0.354605 -0.935016 0.885456 -0.464723
-0.354605 -0.935016 0.948536 -0.316668
-0.354605 -0.935016 0.98705 -0.160411
-0.354605 -0.935016 1 9.28204e-08
-0.200026 -0.979791 1 0
-0.200026 -0.979791 0.98705 0.160411
-0.200026 -0.979791 0.948536 0.316668
-0.200026 -0.979791 0.885456 0.464723
-0.200026 -0.979791 0.799443 0.600742
-0.200026 -0.979791 0.692724 0.721202
-0.200026 -0.979791 0.568065 0.822984
-0.200026 -0.979791 0.428693 0.90345
-0.200026 -0.979791 0.278217 0.960518
-0.200026 -0.979791 0.120537 0.992709
-0.200026 -0.979791 -0.040266 0.999189
-0.200026 -0.979791 -0.200026 0.979791
-0.200026 -0.979791 -0.354605 0.935016
-0.200026 -0.979791 -0.5 0.866025
-0.200026 -0.979791 -0.632445 0.774605
-0.200026 -0.979791 -0.748511 0.663123
-0.200026 -0.979791 -0.84519 0.534466
-0.200026 -0.979791 -0.919979 0.391967
-0.200026 -0.979791 -0.970942 0.239316
-0.200026 -0.979791 -0.996757 0.0804665
-0.200026 -0.979791 -0.996757 -0.0804666
-0.200026 -0.979791 -0.970942 -0.239316
-0.200026 -0.979791 -0.919979 -0.391967
-0.200026 -0.979791 -0.84519 -0.534466
-0.200026 -0.979791 -0.748511 -0.663123
-0.200026 -0.979791 -0.632445 -0.774605
-0.200026 -0.979791 -0.5 -0.866025
-0.200026 -0.979791 -0.354605 -0.935016
-0.200026 -0.979791 -0.200026 -0.979791
-0.200026 -0.979791 -0.0402659 -0.999189
-0.200026 -0.979791 0.120537 -0.992709
-0.200026 -0.979791 0.278218 -0.960518
-0.200026 -0.979791 0.428693 -0.90345
-0.200026 -0.979791 0.568065 -0.822984
-0.200026 -0.979791 0.692724 -0.721202
-0.200026 -0.979791 0.799443 -0.600742
-0.200026 -0.979791 0.885456 -0.464723
-0.200026 -0.979791 0.948536 -0.316668
-0.200026 -0.979791 0.98705 -0.160411
-0.200026 -0.979791 1 9.28204e-08
-0.0402659 -0.999189 1 0
-0.0402659 -0.999189 0.98705 0.160411
-0.0402659 -0.999189 0.948536 0.316668
-0.0402659 -0.999189 0.885456 0.464723
-0.0402659 -0.999189 0.799443 0.600742
-0.0402659 -0.999189 0.692724 0.721202
-0.0402659 -0.999189 0.568065 0.822984
-0.0402659 -0.999189 0.428693 0.90345
-0.0402659 -0.999189 0.278217 0.960518
-0.0402659 -0.999189 0.120537 0.992709
-0.0402659 -0.999189 -0.040266 0.999189
-0.0402659 -0.999189 -0.200026 0.979791
-0.0402659 -0.999189 -0.354605 0.935016
-0.0402659 -0.999189 -0.5 0.866025
-0.0402659 -0.999189 -0.632445 0.774605
-0.0402659 -0.999189 -0.748511 0.663123
-0.0402659 -0.999189 -0.84519 0.534466
-0.0402659 -0.999189 -0.919979 0.391967
-0.0402659 -0.999189 -0.970942 0.239316
-0.0402659 -0.999189 -0.996757 0.0804665
-0.0402659 -0.999189 -0.996757 -0.0804666
-0.0402659 -0.999189 -0.970942 -0.239316
-0.0402659 -0.999189 -0.919979 -0.391967
-0.0402659 -0.999189 -0.84519 -0.534466
-0.0402659 -0.999189 -0.748511 -0.663123
-0.0402659 -0.999189 -0.632445 -0.774605
-0.0402659 -0.999189 -0.5 -0.866025
-0.0402659 -0.999189 -0.354605 -0.935016
-0.0402659 -0.999189 -0.200026 -0.979791
-0.0402659 -0.999189 -0.0402659 -0.999189
-0.0402659 -0.999189 0.120537 -0.992709
-0.0402659 -0.999189 0.278218 -0.960518
-0.0402659 -0.999189 0.428693 -0.90345
-0.0402659 -0.999189 0.568065 -0.822984
-0.0402659 -0.999189 0.692724 -0.721202
-0.0402659 -0.999189 0.799443 -0.600742
-0.0402659 -0.999189 0.885456 -0.464723
-0.0402659 -0.999189 0.948536 -0.316668
-0.0402659 -0.999189 0.98705 -0.160411
-0.0402659 -0.999189 1 9.28204e-08
0.120537 -0.992709 1 0
0.120537 -0.992709 0.98705 0.160411
0.120537 -0.992709 0.948536 0.316668
0.120537 -0.992709 0.885456 0.464723
0.120537 -0.992709 0.799443 0.600742
0.120537 -0.992709 0.692724 0.721202
0.120537 -0.992709 0.568065 0.822984
0.120537 -0.992709 0.428693 0.90345
0.120537 -0.992709 0.278217 0.960518
0.120537 -0.992709 0.120537 0.992709
0.120537 -0.992709 -0.040266 0.999189
0.120537 -0.992709 -0.200026 0.979791
0.120537 -0.992709 -0.354605 0.935016
0.120537 -0.992709 -0.5 0.866025
0.120537 -0.992709 -0.632445 0.774605
0.120537 -0.992709 -0.748511 0.663123
0.120537 -0.992709 -0.84519 0.534466
0.120537 -0.992709 -0.919979 0.391967
0.120537 -0.992709 -0.970942 0.239316
0.120537 -0.992709 -0.996757 0.0804665
0.120537 -0.992709 -0.996757 -0.0804666
0.120537 -0.992709 -0.970942 -0.239316
0.120537 -0.992709 -0.919979 -0.391967
0.120537 -0.992709 -0.84519 -0.534466
0.120537 -0.992709 -0.748511 -0.663123
0.120537 -0.992709 -0.632445 -0.774605
0.120537 -0.992709 -0.5 -0.866025
0.120537 -0.992709 -0.354605 -0.935016
0.120537 -0.992709 -0.200026 -0.979791
0.120537 -0.992709 -0.0402659 -0.999189
0.120537 -0.992709 0.120537 -0.992709
0.120537 -0.992709 0.278218 -0.960518
0.120537 -0.992709 0.428693 -0.90345
0.120537 -0.992709 0.568065 -0.822984
0.120537 -0.992709 0.692724 -0.721202
0.120537 -0.992709 0.799443 -0.600742
0.120537 -0.992709 0.885456 -0.464723
0.120537 -0.992709 0.948536 -0.316668
0.120537 -0.992709 0.98705 -0.160411
0.120537 -0.992709 1 9.28204e-08
0.278218 -0.960518 1 0
0.278218 -0.960518 0.98705 0.160411
0.278218 -0.960518 0.948536 0.316668
0.278218 -0.960518 0.885456 0.464723
0.278218 -0.960518 0.799443 0.600742
0.278218 -0.960518 0.692724 0.721202
0.278218 -0.960518 0.568065 0.822984
0.278218 -0.960518 0.428693 0.90345
0.278218 -0.960518 0.278217 0.960518
0.278218 -0.960518 0.120537 0.992709
0.278218 -0.960518 -0.040266 0.999189
0.278218 -0.960518 -0.200026 0.979791
0.278218 -0.960518 -0.354605 0.935016
0.278218 -0.960518 -0.5 0.866025
0.278218 -0.960518 -0.632445 0.774605
0.278218 -0.960518 -0.748511 0.663123
0.278218 -0.960518 -0.84519 0.534466
0.278218 -0.960518 -0.919979 0.391967
0.278218 -0.960518 -0.970942 0.239316
0.278218 -0.960518 -0.996757 0.0804665
0.278218 -0.960518 -0.996757 -0.0804666
0.278218 -0.960518 -0.970942 -0.239316
0.278218 -0.960518 -0.919979 -0.391967
0.278218 -0.960518 -0.84519 -0.534466
0.278218 -0.960518 -0.748511 -0.663123
0.278218 -0.960518 -0.632445 -0.774605
0.278218 -0.960518 -0.5 -0.866025
0.278218 -0.960518 -0.354605 -0.935016
0.278218 -0.960518 -0.200026 -0.979791
0.278218 -0.960518 -0.0402659 -0.999189
0.278218 -0.960518 0.120537 -0.992709
0.278218 -0.960518 0.278218 -0.960518
0.278218 -0.960518 0.428693 -0.90345
0.278218 -0.960518 0.568065 -0.822984
0.278218 -0.960518 0.692724 -0.721202
0.278218 -0.960518 0.799443 -0.600742
0.278218 -0.960518 0.885456 -0.464723
0.278218 -0.960518 0.948536 -0.316668
0.278218 -0.960518 0.98705 -0.160411
0.278218 -0.960518 1 9.28204e-08
0.428693 -0.90345 1 0
0.428693 -0.90345 0.98705 0.160411
0.428693 -0.90345 0.948536 0.316668
0.428693 -0.90345 0.885456 0.464723
0.428693 -0.90345 0.799443 0.600742
0.428693 -0.90345 0.692724 0.721202
0.428693 -0.90345 0.568065 0.822984
0.428693 -0.90345 0.428693 0.90345
0.428693 -0.90345 0.278217 0.960518
0.428693 -0.90345 0.120537 0.992709
0.428693 -0.90345 -0.040266 0.999189
0.428693 -0.90345 -0.200026 0.979791
0.428693 -0.90345 -0.354605 0.935016
0.428693 -0.90345 -0.5 0.866025
0.428693 -0.90345 -0.632445 0.774605
0.428693 -0.90345 -0.748511 0.663123
0.428693 -0.90345 -0.84519 0.534466
0.428693 -0.90345 -0.919979 0.391967
0.428693 -0.90345 -0.970942 0.239316
0.428693 -0.90345 -0.996757 0.0804665
0.428693 -0.90345 -0.996757 -0.0804666
0.428693 -0.90345 -0.970942 -0.239316
0.428693 -0.90345 -0.919979 -0.391967
0.428693 -0.90345 -0.84519 -0.534466
0.428693 -0.90345 -0.748511 -0.663123
0.428693 -0.90345 -0.632445 -0.774605
0.428693 -0.90345 -0.5 -0.866025
0.428693 -0.90345 -0.354605 -0.935016
0.428693 -0.90345 -0.200026 -0.979791
0.428693 -0.90345 -0.0402659 -0.999189
0.428693 -0.90345 0.120537 -0.992709
0.428693 -0.90345 0.278218 -0.960518
0.428693 -0.90345 0.428693 -0.90345
0.428693 -0.90345 0.568065 -0.822984
0.428693 -0.90345 0.692724 -0.721202
0.428693 -0.90345 0.799443 -0.600742
0.428693 -0.90345 0.885456 -0.464723
0.428693 -0.90345 0.948536 -0.316668
0.428693 -0.90345 0.98705 -0.160411
0.428693 -0.90345 1 9.28204e-08
0.568065 -0.822984 1 0
0.568065 -0.822984 0.98705 0.160411
0.568065 -0.822984 0.948536 0.316668
0.568065 -0.822984 0.885456 0.464723
0.568065 -0.822984 0.799443 0.600742
0.568065 -0.822984 0.692724 0.721202
0.568065 -0.822984 0.568065 0.822984
0.568065 -0.822984 0.428693 0.90345
0.568065 -0.822984 0.278217 0.960518
0.568065 -0.822984 0.120537 0.992709
0.568065 -0.822984 -0.040266 0.999189
0.568065 -0.822984 -0.200026 0.979791
0.568065 -0.822984 -0.354605 0.935016
0.568065 -0.822984 -0.5 0.866025
0.568065 -0.822984 -0.632445 0.774605
0.568065 -0.822984 -0.748511 0.663123
0.568065 -0.822984 -0.84519 0.534466
0.568065 -0.822984 -0.919979 0.391967
0.568065 -0.822984 -0.970942 0.239316
0.568065 -0.822984 -0.996757 0.0804665
0.568065 -0.822984 -0.996757 -0.0804666
0.568065 -0.822984 -0.970942 -0.239316
0.568065 -0.822984 -0.919979 -0.391967
0.568065 -0.822984 -0.84519 -0.534466
0.568065 -0.822984 -0.748511 -0.663123
0.568065 -0.822984 -0.632445 -0.774605
0.568065 -0.822984 -0.5 -0.866025
0.568065 -0.822984 -0.354605 -0.935016
0.568065 -0.822984 -0.200026 -0.979791
0.568065 -0.822984 -0.0402659 -0.999189
0.568065 -0.822984 0.120537 -0.992709
0.568065 -0.822984 0.278218 -0.960518
0.568065 -0.822984 0.428693 -0.90345
0.568065 -0.822984 0.568065 -0.822984
0.568065 -0.822984 0.692724 -0.721202
0.568065 -0.822984 0.799443 -0.600742
0.568065 -0.822984 0.885456 -0.464723
0.568065 -0.822984 0.948536 -0.316668
0.568065 -0.822984 0.98705 -0.160411
0.568065 -0.822984 1 9.28204e-08
0.692724 -0.721202 1 0
0.692724 -0.721202 0.98705 0.160411
0.692724 -0.721202 0.948536 0.316668
0.692724 -0.721202 0.885456 0.464723
0.692724 -0.721202 0.799443 0.600742
0.692724 -0.721202 0.692724 0.721202
0.692724 -0.721202 0.568065 0.822984
0.692724 -0.721202 0.428693 0.90345
0.692724 -0.721202 0.278217 0.960518
0.692724 -0.721202 0.120537 0.992709
0.692724 -0.721202 -0.040266 0.999189
0.692724 -0.721202 -0.200026 0.979791
0.692724 -0.721202 -0.354605 0.935016
0.692724 -0.721202 -0.5 0.866025
0.692724 -0.721202 -0.632445 0.774605
0.692724 -0.721202 -0.748511 0.663123
0.692724 -0.721202 -0.84519 0.534466
0.692724 -0.721202 -0.919979 0.391967
0.692724 -0.721202 -0.970942 0.239316
0.692724 -0.721202 -0.996757 0.0804665
0.692724 -0.721202 -0.996757 -0.0804666
0.692724 -0.721202 -0.970942 -0.239316
0.692724 -0.721202 -0.919979 -0.391967
0.692724 -0.721202 -0.84519 -0.534466
0.692724 -0.721202 -0.748511 -0.663123
0.692724 -0.721202 -0.632445 -0.774605
0.692724 -0.721202 -0.5 -0.866025
0.692724 -0.721202 -0.354605 -0.935016
0.692724 -0.721202 -0.200026 -0.979791
0.692724 -0.721202 -0.0402659 -0.999189
0.692724 -0.721202 0.120537 -0.992709
0.692724 -0.721202 0.278218 -0.960518
0.692724 -0.721202 0.428693 -0.90345
0.692724 -0.721202 0.568065 -0.822984
0.692724 -0.721202 0.692724 -0.721202
0.692724 -0.721202 0.799443 -0.600742
0.692724 -0.721202 0.885456 -0.464723
0.692724 -0.721202 0.948536 -0.316668
0.692724 -0.721202 0.98705 -0.160411
0.692724 -0.721202 1 9.28204e-08
0.799443 -0.600742 1 0
0.799443 -0.600742 0.98705 0.160411
0.799443 -0.600742 0.948536 0.316668
0.799443 -0.600742 0.885456 0.464723
0.799443 -0.600742 0.799443 0.600742
0.799443 -0.600742 0.692724 0.721202
0.799443 -0.600742 0.568065 0.822984
0.799443 -0.600742 0.428693 0.90345
0.799443 -0.600742 0.278217 0.960518
0.799443 -0.600742 0.120537 0.992709
0.799443 -0.600742 -0.040266 0.999189
0.799443 -0.600742 -0.200026 0.979791
0.799443 -0.600742 -0.354605 0.935016
0.799443 -0.600742 -0.5 0.866025
0.799443 -0.600742 -0.632445 0.774605
0.799443 -0.600742 -0.748511 0.663123
0.799443 -0.600742 -0.84519 0.534466
0.799443 -0.600742 -0.919979 0.391967
0.799443 -0.600742 -0.970942 0.239316
0.799443 -0.600742 -0.996757 0.0804665
0.799443 -0.600742 -0.996757 -0.0804666
0.799443 -0.600742 -0.970942 -0.239316
0.799443 -0.600742 -0.919979 -0.391967
0.799443 -0.600742 -0.84519 -0.534466
0.799443 -0.600742 -0.748511 -0.663123
0.799443 -0.600742 -0.632445 -0.774605
0.799443 -0.600742 -0.5 -0.866025
0.799443 -0.600742 -0.354605 -0.935016
0.799443 -0.600742 -0.200026 -0.979791
0.799443 -0.600742 -0.0402659 -0.999189
0.799443 -0.600742 0.120537 -0.992709
0.799443 -0.600742 0.278218 -0.960518
0.799443 -0.600742 0.428693 -0.90345
0.799443 -0.600742 0.568065 -0.822984
0.799443 -0.600742 0.692724 -0.721202
0.799443 -0.600742 0.799443 -0.600742
0.799443 -0.600742 0.885456 -0.464723
0.799443 -0.600742 0.948536 -0.316668
0.799443 -0.600742 0.98705 -0.160411
0.799443 -0.600742 1 9.28204e-08
0.885456 -0.464723 1 0
0.885456 -0.464723 0.98705 0.160411
0.885456 -0.464723 0.948536 0.316668
0.885456 -0.464723 0.885456 0.464723
0.885456 -0.464723 0.799443 0.600742
0.885456 -0.464723 0.692724 0.721202
0.885456 -0.464723 0.568065 0.822984
0.885456 -0.464723 0.428693 0.90345
0.885456 -0.464723 0.278217 0.960518
0.885456 -0.464723 0.120537 0.992709
0.885456 -0.464723 -0.040266 0.999189
0.885456 -0.464723 -0.200026 0.979791
0.885456 -0.464723 -0.354605 0.935016
0.885456 -0.464723 -0.5 0.866025
0.885456 -0.464723 -0.632445 0.774605
0.885456 -0.464723 -0.748511 0.663123
0.885456 -0.464723 -0.84519 0.534466
0.885456 -0.464723 -0.919979 0.391967
0.885456 -0.464723 -0.970942 0.239316
0.885456 -0.464723 -0.996757 0.0804665
0.885456 -0.464723 -0.996757 -0.0804666
0.885456 -0.464723 -0.970942 -0.239316
0.885456 -0.464723 -0.919979 -0.391967
0.885456 -0.464723 -0.84519 -0.534466
0.885456 -0.464723 -0.748511 -0.663123
0.885456 -0.464723 -0.632445 -0.774605
0.885456 -0.464723 -0.5 -0.866025
0.885456 -0.464723 -0.354605 -0.935016
0.885456 -0.464723 -0.200026 -0.979791
0.885456 -0.464723 -0.0402659 -0.999189
0.885456 -0.464723 0.120537 -0.992709
0.885456 -0.464723 0.278218 -0.960518
0.885456 -0.464723 0.428693 -0.90345
0.885456 -0.464723 0.568065 -0.822984
0.885456 -0.464723 0.692724 -0.721202
0.885456 -0.464723 0.799443 -0.600742
0.885456 -0.464723 0.885456 -0.464723
0.885456 -0.464723 0.948536 -0.316668
0.885456 -0.464723 0.98705 -0.160411
0.885456 -0.464723 1 9.28204e-08
0.948536 -0.316668 1 0
0.948536 -0.316668 0.98705 0.160411
0.948536 -0.316668 0.948536 0.316668
0.948536 -0.316668 0.885456 0.464723
0.948536 -0.316668 0.799443 0.600742
0.948536 -0.316668 0.692724 0.721202
0.948536 -0.316668 0.568065 0.822984
0.948536 -0.316668 0.428693 0.90345
0.948536 -0.316668 0.278217 0.960518
0.948536 -0.316668 0.120537 0.992709
0.948536 -0.316668 -0.040266 0.999189
0.948536 -0.316668 -0.200026 0.979791
0.948536 -0.316668 -0.354605 0.935016
0.948536 -0.316668 -0.5 0.866025
0.948536 -0.316668 -0.632445 0.774605
0.948536 -0.316668 -0.748511 0.663123
0.948536 -0.316668 -0.84519 0.534466
0.948536 -0.316668 -0.919979 0.391967
0.948536 -0.316668 -0.970942 0.239316
0.948536 -0.316668 -0.996757 0.0804665
0.948536 -0.316668 -0.996757 -0.0804666
0.948536 -0.316668 -0.970942 -0.239316
0.948536 -0.316668 -0.919979 -0.391967
0.948536 -0.316668 -0.84519 -0.534466
0.948536 -0.316668 -0.748511 -0.663123
0.948536 -0.316668 -0.632445 -0.774605
0.948536 -0.316668 -0.5 -0.866025
0.948536 -0.316668 -0.354605 -0.935016
0.948536 -0.316668 -0.200026 -0.979791
0.948536 -0.316668 -0.0402659 -0.999189
0.948536 -0.316668 0.120537 -0.992709
0.948536 -0.316668 0.278218 -0.960518
0.948536 -0.316668 0.428693 -0.90345
0.948536 -0.316668 0.568065 -0.822984
0.948536 -0.316668 0.692724 -0.721202
0.948536 -0.316668 0.799443 -0.600742
0.948536 -0.316668 0.885456 -0.464723
0.948536 -0.316668 0.948536 -0.316668
0.948536 -0.316668 0.98705 -0.160411
0.948536 -0.316668 1 9.28204e-08
0.98705 -0.160411 1 0
0.98705 -0.160411 0.98705 0.160411
0.98705 -0.160411 0.948536 0.316668
0.98705 -0.160411 0.885456 0.464723
0.98705 -0.160411 0.799443 0.600742
0.98705 -0.160411 0.692724 0.721202
0.98705 -0.160411 0.568065 0.822984
0.98705 -0.160411 0.428693 0.90345
0.98705 -0.160411 0.278217 0.960518
0.98705 -0.160411 0.120537 0.992709
0.98705 -0.160411 -0.040266 0.999189
0.98705 -0.160411 -0.200026 0.979791
0.98705 -0.160411 -0.354605 0.935016
0.98705 -0.160411 -0.5 0.866025
0.98705 -0.160411 -0.632445 0.774605
0.98705 -0.160411 -0.748511 0.663123
0.98705 -0.160411 -0.84519 0.534466
0.98705 -0.160411 -0.919979 0.391967
0.98705 -0.160411 -0.970942 0.239316
0.98705 -0.160411 -0.996757 0.0804665
0.98705 -0.160411 -0.996757 -0.0804666
0.98705 -0.160411 -0.970942 -0.239316
0.98705 -0.160411 -0.919979 -0.391967
0.98705 -0.160411 -0.84519 -0.534466
0.98705 -0.160411 -0.748511 -0.663123
0.98705 -0.160411 -0.632445 -0.774605
0.98705 -0.160411 -0.5 -0.866025
0.98705 -0.160411 -0.354605 -0.935016
0.98705 -0.160411 -0.200026 -0.979791
0.98705 -0.160411 -0.0402659 -0.999189
0.98705 -0.160411 0.120537 -0.992709
0.98705 -0.160411 0.278218 -0.960518
0.98705 -0.160411 0.428693 -0.90345
0.98705 -0.160411 0.568065 -0.822984
0.98705 -0.160411 0.692724 -0.721202
0.98705 -0.160411 0.799443 -0.600742
0.98705 -0.160411 0.885456 -0.464723
0.98705 -0.160411 0.948536 -0.316668
0.98705 -0.160411 0.98705 -0.160411
0.98705 -0.160411 1 9.28204e-08
1 9.28204e-08 1 0
1 9.28204e-08 0.98705 0.160411
1 9.28204e-08 0.948536 0.316668
1 9.28204e-08 0.885456 0.464723
1 9.28204e-08 0.799443 0.600742
1 9.28204e-08 0.692724 0.721202
1 9.28204e-08 0.568065 0.822984
1 9.28204e-08 0.428693 0.90345
1 9.28204e-08 0.278217 0.960518
1 9.28204e-08 0.120537 0.992709
1 9.28204e-08 -0.040266 0.999189
1 9.28204e-08 -0.200026 0.979791
1 9.28204e-08 -0.354605 0.935016
1 9.28204e-08 -0.5 0.866025
1 9.28204e-08 -0.632445 0.774605
1 9.28204e-08 -0.748511 0.663123
1 9.28204e-08 -0.84519 0.534466
1 9.28204e-08 -0.919979 0.391967
1 9.28204e-08 -0.970942 0.239316
1 9.28204e-08 -0.996757 0.0804665
1 9.28204e-08 -0.996757 -0.0804666
1 9.28204e-08 -0.970942 -0.239316
1 9.28204e-08 -0.919979 -0.391967
1 9.28204e-08 -0.84519 -0.534466
1 9.28204e-08 -0.748511 -0.663123
1 9.28204e-08 -0.632445 -0.774605
1 9.28204e-08 -0.5 -0.866025
1 9.28204e-08 -0.354605 -0.935016
1 9.28204e-08 -0.200026 -0.979791
1 9.28204e-08 -0.0402659 -0.999189
1 9.28204e-08 0.120537 -0.992709
1 9.28204e-08 0.278218 -0.960518
1 9.28204e-08 0.428693 -0.90345
1 9.28204e-08 0.568065 -0.822984
1 9.28204e-08 0.692724 -0.721202
1 9.28204e-08 0.799443 -0.600742
1 9.28204e-08 0.885456 -0.464723
1 9.28204e-08 0.948536 -0.316668
1 9.28204e-08 0.98705 -0.160411
1 9.28204e-08 1 9.28204e-08
