appearance {shading smooth +keepcolor}
LIST
C4MESH
2 2
-5.000000 -5.050000 0 0 .7 .3 .3 1
-5.000000 -4.950000 0 0 .7 .3 .3 1
5.000000 -5.050000 0 0 .7 .3 .3 1
5.000000 -4.950000 0 0 .7 .3 .3 1
C4MESH
2 2
-5.000000 -4.050000 0 0 .7 .3 .3 1
-5.000000 -3.950000 0 0 .7 .3 .3 1
5.000000 -4.050000 0 0 .7 .3 .3 1
5.000000 -3.950000 0 0 .7 .3 .3 1
C4MESH
2 2
-5.000000 -3.050000 0 0 .7 .3 .3 1
-5.000000 -2.950000 0 0 .7 .3 .3 1
5.000000 -3.050000 0 0 .7 .3 .3 1
5.000000 -2.950000 0 0 .7 .3 .3 1
C4MESH
2 2
-5.000000 -2.050000 0 0 .7 .3 .3 1
-5.000000 -1.950000 0 0 .7 .3 .3 1
5.000000 -2.050000 0 0 .7 .3 .3 1
5.000000 -1.950000 0 0 .7 .3 .3 1
C4MESH
2 2
-5.000000 -1.050000 0 0 .7 .3 .3 1
-5.000000 -0.950000 0 0 .7 .3 .3 1
5.000000 -1.050000 0 0 .7 .3 .3 1
5.000000 -0.950000 0 0 .7 .3 .3 1
C4MESH
2 2
-5.000000 -0.050000 0 0 .7 .3 .3 1
-5.000000 0.050000 0 0 .7 .3 .3 1
5.000000 -0.050000 0 0 .7 .3 .3 1
5.000000 0.050000 0 0 .7 .3 .3 1
C4MESH
2 2
-5.000000 0.950000 0 0 .7 .3 .3 1
-5.000000 1.050000 0 0 .7 .3 .3 1
5.000000 0.950000 0 0 .7 .3 .3 1
5.000000 1.050000 0 0 .7 .3 .3 1
C4MESH
2 2
-5.000000 1.950000 0 0 .7 .3 .3 1
-5.000000 2.050000 0 0 .7 .3 .3 1
5.000000 1.950000 0 0 .7 .3 .3 1
5.000000 2.050000 0 0 .7 .3 .3 1
C4MESH
2 2
-5.000000 2.950000 0 0 .7 .3 .3 1
-5.000000 3.050000 0 0 .7 .3 .3 1
5.000000 2.950000 0 0 .7 .3 .3 1
5.000000 3.050000 0 0 .7 .3 .3 1
C4MESH
2 2
-5.000000 3.950000 0 0 .7 .3 .3 1
-5.000000 4.050000 0 0 .7 .3 .3 1
5.000000 3.950000 0 0 .7 .3 .3 1
5.000000 4.050000 0 0 .7 .3 .3 1
C4MESH
2 2
-5.000000 4.950000 0 0 .7 .3 .3 1
-5.000000 5.050000 0 0 .7 .3 .3 1
5.000000 4.950000 0 0 .7 .3 .3 1
5.000000 5.050000 0 0 .7 .3 .3 1
C4MESH
2 2
-5.050000 -5.000000 0 0 .3 .7 .3 1
-4.950000 -5.000000 0 0 .3 .7 .3 1
-5.050000 5.000000 0 0 .3 .7 .3 1
-4.950000 5.000000 0 0 .3 .7 .3 1
C4MESH
2 2
-4.050000 -5.000000 0 0 .3 .7 .3 1
-3.950000 -5.000000 0 0 .3 .7 .3 1
-4.050000 5.000000 0 0 .3 .7 .3 1
-3.950000 5.000000 0 0 .3 .7 .3 1
C4MESH
2 2
-3.050000 -5.000000 0 0 .3 .7 .3 1
-2.950000 -5.000000 0 0 .3 .7 .3 1
-3.050000 5.000000 0 0 .3 .7 .3 1
-2.950000 5.000000 0 0 .3 .7 .3 1
C4MESH
2 2
-2.050000 -5.000000 0 0 .3 .7 .3 1
-1.950000 -5.000000 0 0 .3 .7 .3 1
-2.050000 5.000000 0 0 .3 .7 .3 1
-1.950000 5.000000 0 0 .3 .7 .3 1
C4MESH
2 2
-1.050000 -5.000000 0 0 .3 .7 .3 1
-0.950000 -5.000000 0 0 .3 .7 .3 1
-1.050000 5.000000 0 0 .3 .7 .3 1
-0.950000 5.000000 0 0 .3 .7 .3 1
C4MESH
2 2
-0.050000 -5.000000 0 0 .3 .7 .3 1
0.050000 -5.000000 0 0 .3 .7 .3 1
-0.050000 5.000000 0 0 .3 .7 .3 1
0.050000 5.000000 0 0 .3 .7 .3 1
C4MESH
2 2
0.950000 -5.000000 0 0 .3 .7 .3 1
1.050000 -5.000000 0 0 .3 .7 .3 1
0.950000 5.000000 0 0 .3 .7 .3 1
1.050000 5.000000 0 0 .3 .7 .3 1
C4MESH
2 2
1.950000 -5.000000 0 0 .3 .7 .3 1
2.050000 -5.000000 0 0 .3 .7 .3 1
1.950000 5.000000 0 0 .3 .7 .3 1
2.050000 5.000000 0 0 .3 .7 .3 1
C4MESH
2 2
2.950000 -5.000000 0 0 .3 .7 .3 1
3.050000 -5.000000 0 0 .3 .7 .3 1
2.950000 5.000000 0 0 .3 .7 .3 1
3.050000 5.000000 0 0 .3 .7 .3 1
C4MESH
2 2
3.950000 -5.000000 0 0 .3 .7 .3 1
4.050000 -5.000000 0 0 .3 .7 .3 1
3.950000 5.000000 0 0 .3 .7 .3 1
4.050000 5.000000 0 0 .3 .7 .3 1
C4MESH
2 2
4.950000 -5.000000 0 0 .3 .7 .3 1
5.050000 -5.000000 0 0 .3 .7 .3 1
4.950000 5.000000 0 0 .3 .7 .3 1
5.050000 5.000000 0 0 .3 .7 .3 1
C4MESH
2 9
 5.000000 0.050000 0.050000 0.050000 1 0 0 1
0.000000 0.050000 0.050000 0.050000 1 0 0 1
 5.000000 -0.050000 0.050000 0.050000 1 0 0 1
0.000000 -0.050000 0.050000 0.050000 1 0 0 1
 5.000000 -0.050000 -0.050000 0.050000 1 0 0 1
0.000000 -0.050000 -0.050000 0.050000 1 0 0 1
 5.000000 0.050000 -0.050000 0.050000 1 0 0 1
0.000000 0.050000 -0.050000 0.050000 1 0 0 1
 5.000000 0.050000 -0.050000 -0.050000 1 0 0 1
0.000000 0.050000 -0.050000 -0.050000 1 0 0 1
 5.000000 -0.050000 -0.050000 -0.050000 1 0 0 1
0.000000 -0.050000 -0.050000 -0.050000 1 0 0 1
 5.000000 -0.050000 0.050000 -0.050000 1 0 0 1
0.000000 -0.050000 0.050000 -0.050000 1 0 0 1
 5.000000 0.050000 0.050000 -0.050000 1 0 0 1
0.000000 0.050000 0.050000 -0.050000 1 0 0 1
 5.000000 0.050000 0.050000 0.050000 1 0 0 1
0.000000 0.050000 0.050000 0.050000 1 0 0 1
C4MESH
2 9
0.050000  5.000000 0.050000 0.050000 0 1 0 1
0.050000 0.000000 0.050000 0.050000 0 1 0 1
-0.050000  5.000000 0.050000 0.050000 0 1 0 1
-0.050000 0.000000 0.050000 0.050000 0 1 0 1
-0.050000  5.000000 -0.050000 0.050000 0 1 0 1
-0.050000 0.000000 -0.050000 0.050000 0 1 0 1
0.050000  5.000000 -0.050000 0.050000 0 1 0 1
0.050000 0.000000 -0.050000 0.050000 0 1 0 1
0.050000  5.000000 -0.050000 -0.050000 0 1 0 1
0.050000 0.000000 -0.050000 -0.050000 0 1 0 1
-0.050000  5.000000 -0.050000 -0.050000 0 1 0 1
-0.050000 0.000000 -0.050000 -0.050000 0 1 0 1
-0.050000  5.000000 0.050000 -0.050000 0 1 0 1
-0.050000 0.000000 0.050000 -0.050000 0 1 0 1
0.050000  5.000000 0.050000 -0.050000 0 1 0 1
0.050000 0.000000 0.050000 -0.050000 0 1 0 1
0.050000  5.000000 0.050000 0.050000 0 1 0 1
0.050000 0.000000 0.050000 0.050000 0 1 0 1
C4MESH
2 9
0.050000 0.050000  5.000000 0.050000 0 0 1 1
0.050000 0.050000 0.000000 0.050000 0 0 1 1
-0.050000 0.050000  5.000000 0.050000 0 0 1 1
-0.050000 0.050000 0.000000 0.050000 0 0 1 1
-0.050000 -0.050000  5.000000 0.050000 0 0 1 1
-0.050000 -0.050000 0.000000 0.050000 0 0 1 1
0.050000 -0.050000  5.000000 0.050000 0 0 1 1
0.050000 -0.050000 0.000000 0.050000 0 0 1 1
0.050000 -0.050000  5.000000 -0.050000 0 0 1 1
0.050000 -0.050000 0.000000 -0.050000 0 0 1 1
-0.050000 -0.050000  5.000000 -0.050000 0 0 1 1
-0.050000 -0.050000 0.000000 -0.050000 0 0 1 1
-0.050000 0.050000  5.000000 -0.050000 0 0 1 1
-0.050000 0.050000 0.000000 -0.050000 0 0 1 1
0.050000 0.050000  5.000000 -0.050000 0 0 1 1
0.050000 0.050000 0.000000 -0.050000 0 0 1 1
0.050000 0.050000  5.000000 0.050000 0 0 1 1
0.050000 0.050000 0.000000 0.050000 0 0 1 1
C4MESH
2 9
0.050000 0.050000 0.050000  5.000000 1 1 1 1
0.050000 0.050000 0.050000 0.000000 1 1 1 1
-0.050000 0.050000 0.050000  5.000000 1 1 1 1
-0.050000 0.050000 0.050000 0.000000 1 1 1 1
-0.050000 -0.050000 0.050000  5.000000 1 1 1 1
-0.050000 -0.050000 0.050000 0.000000 1 1 1 1
0.050000 -0.050000 0.050000  5.000000 1 1 1 1
0.050000 -0.050000 0.050000 0.000000 1 1 1 1
0.050000 -0.050000 -0.050000  5.000000 1 1 1 1
0.050000 -0.050000 -0.050000 0.000000 1 1 1 1
-0.050000 -0.050000 -0.050000  5.000000 1 1 1 1
-0.050000 -0.050000 -0.050000 0.000000 1 1 1 1
-0.050000 0.050000 -0.050000  5.000000 1 1 1 1
-0.050000 0.050000 -0.050000 0.000000 1 1 1 1
0.050000 0.050000 -0.050000  5.000000 1 1 1 1
0.050000 0.050000 -0.050000 0.000000 1 1 1 1
0.050000 0.050000 0.050000  5.000000 1 1 1 1
0.050000 0.050000 0.050000 0.000000 1 1 1 1
