appearance {shading smooth}
4MESH
15 15
2 0 0 0
1.90097 0 0.433884 0
1.62349 0 0.781831 0
1.22252 0 0.974928 0
0.777479 0 0.974928 0
0.37651 0 0.781831 0
0.0990311 0 0.433884 0
9.99201e-16 0 -4.64102e-08 0
0.0990312 0 -0.433884 0
0.37651 0 -0.781832 0
0.777479 0 -0.974928 0
1.22252 0 -0.974928 0
1.62349 0 -0.781831 0
1.90097 0 -0.433884 0
2 0 9.28204e-08 0
1.80194 0.867767 0 0
1.71271 0.824799 0.423005 0.0965482
1.46271 0.704406 0.762229 0.173974
1.10145 0.530432 0.950484 0.216942
0.700484 0.337336 0.950484 0.216942
0.339224 0.163362 0.762229 0.173974
0.089224 0.042968 0.423005 0.0965482
9.00249e-16 4.33537e-16 -4.52466e-08 -1.03272e-08
0.089224 0.042968 -0.423005 -0.0965482
0.339224 0.163362 -0.762229 -0.173974
0.700484 0.337336 -0.950484 -0.216942
1.10145 0.530432 -0.950484 -0.216942
1.46271 0.704406 -0.762229 -0.173974
1.71271 0.8248 -0.423005 -0.0965482
1.80194 0.867767 9.04932e-08 2.06545e-08
1.24698 1.56366 0 0
1.18523 1.48624 0.390916 0.188255
1.01223 1.2693 0.704406 0.339224
0.762229 0.955805 0.87838 0.423005
0.48475 0.607858 0.87838 0.423005
0.23475 0.294368 0.704406 0.339224
0.0617449 0.0774256 0.390916 0.188255
6.22991e-16 7.81207e-16 -4.18142e-08 -2.01366e-08
0.0617449 0.0774257 -0.390916 -0.188255
0.23475 0.294368 -0.704406 -0.339224
0.48475 0.607858 -0.87838 -0.423005
0.762229 0.955805 -0.87838 -0.423005
1.01223 1.2693 -0.704406 -0.339224
1.18523 1.48624 -0.390916 -0.188255
1.24698 1.56366 8.36283e-08 4.02733e-08
0.445042 1.94986 0 0
0.423005 1.85331 0.339224 0.270522
0.36126 1.58279 0.61126 0.487464
0.272036 1.19187 0.762229 0.607858
0.173005 0.757986 0.762229 0.607858
0.0837814 0.36707 0.61126 0.487464
0.0220365 0.0965482 0.339224 0.270522
2.22343e-16 9.74149e-16 -3.6285e-08 -2.89363e-08
0.0220365 0.0965482 -0.339224 -0.270522
0.0837814 0.36707 -0.61126 -0.487464
0.173005 0.757986 -0.762229 -0.607858
0.272036 1.19187 -0.762229 -0.607858
0.36126 1.58279 -0.61126 -0.487464
0.423005 1.85331 -0.339224 -0.270522
0.445042 1.94986 7.25699e-08 5.78726e-08
-0.445042 1.94986 0 0
-0.423005 1.85331 0.270522 0.339224
-0.361261 1.58279 0.487464 0.61126
-0.272037 1.19187 0.607858 0.762229
-0.173005 0.757986 0.607858 0.762229
-0.0837814 0.36707 0.487464 0.61126
-0.0220365 0.0965482 0.270522 0.339224
-2.22343e-16 9.74149e-16 -2.89363e-08 -3.6285e-08
-0.0220365 0.0965482 -0.270522 -0.339224
-0.0837814 0.36707 -0.487464 -0.611261
-0.173005 0.757986 -0.607858 -0.762229
-0.272037 1.19187 -0.607858 -0.762229
-0.361261 1.58279 -0.487464 -0.61126
-0.423005 1.85331 -0.270522 -0.339224
-0.445042 1.94986 5.78726e-08 7.25699e-08
-1.24698 1.56366 0 0
-1.18523 1.48624 0.188255 0.390916
-1.01223 1.2693 0.339224 0.704406
-0.762229 0.955805 0.423005 0.87838
-0.48475 0.607858 0.423005 0.87838
-0.23475 0.294367 0.339224 0.704406
-0.0617449 0.0774256 0.188255 0.390916
-6.22991e-16 7.81207e-16 -2.01366e-08 -4.18142e-08
-0.0617449 0.0774257 -0.188255 -0.390916
-0.23475 0.294368 -0.339224 -0.704406
-0.48475 0.607858 -0.423005 -0.87838
-0.762229 0.955805 -0.423005 -0.87838
-1.01223 1.2693 -0.339224 -0.704406
-1.18523 1.48624 -0.188255 -0.390916
-1.24698 1.56366 4.02733e-08 8.36283e-08
-1.80194 0.867767 0 0
-1.71271 0.824799 0.0965482 0.423005
-1.46271 0.704406 0.173974 0.762229
-1.10145 0.530432 0.216942 0.950484
-0.700484 0.337335 0.216942 0.950484
-0.339224 0.163362 0.173974 0.762229
-0.089224 0.042968 0.0965482 0.423005
-9.00249e-16 4.33537e-16 -1.03272e-08 -4.52466e-08
-0.089224 0.042968 -0.0965482 -0.423005
-0.339224 0.163362 -0.173974 -0.762229
-0.700485 0.337336 -0.216942 -0.950484
-1.10145 0.530432 -0.216942 -0.950484
-1.46271 0.704406 -0.173974 -0.762229
-1.71271 0.824799 -0.0965482 -0.423005
-1.80194 0.867767 2.06545e-08 9.04932e-08
-2 -9.28204e-08 0 0
-1.90097 -8.82244e-08 -1.00683e-08 0.433884
-1.62349 -7.53465e-08 -1.81425e-08 0.781831
-1.22252 -5.67374e-08 -2.26233e-08 0.974928
-0.777479 -3.6083e-08 -2.26233e-08 0.974928
-0.37651 -1.74739e-08 -1.81425e-08 0.781831
-0.0990311 -4.59605e-09 -1.00683e-08 0.433884
-9.99201e-16 -4.63731e-23 1.07695e-15 -4.64102e-08
-0.0990312 -4.59606e-09 1.00683e-08 -0.433884
-0.37651 -1.74739e-08 1.81425e-08 -0.781832
-0.777479 -3.6083e-08 2.26233e-08 -0.974928
-1.22252 -5.67375e-08 2.26233e-08 -0.974928
-1.62349 -7.53465e-08 1.81425e-08 -0.781831
-1.90097 -8.82244e-08 1.00683e-08 -0.433884
-2 -9.28204e-08 -2.15391e-15 9.28204e-08
-1.80194 -0.867768 0 0
-1.71271 -0.8248 -0.0965482 0.423005
-1.46271 -0.704406 -0.173974 0.762229
-1.10145 -0.530432 -0.216942 0.950484
-0.700484 -0.337336 -0.216942 0.950484
-0.339224 -0.163362 -0.173974 0.762229
-0.0892239 -0.042968 -0.0965482 0.423005
-9.00249e-16 -4.33537e-16 1.03272e-08 -4.52466e-08
-0.089224 -0.042968 0.0965482 -0.423005
-0.339224 -0.163362 0.173974 -0.762229
-0.700484 -0.337336 0.216942 -0.950484
-1.10145 -0.530432 0.216942 -0.950484
-1.46271 -0.704406 0.173974 -0.762229
-1.71271 -0.8248 0.0965482 -0.423005
-1.80194 -0.867768 -2.06545e-08 9.04932e-08
-1.24698 -1.56366 0 0
-1.18523 -1.48624 -0.188255 0.390916
-1.01223 -1.2693 -0.339224 0.704406
-0.762229 -0.955805 -0.423005 0.87838
-0.48475 -0.607858 -0.423005 0.87838
-0.23475 -0.294368 -0.339224 0.704406
-0.0617449 -0.0774256 -0.188255 0.390916
-6.22991e-16 -7.81207e-16 2.01366e-08 -4.18142e-08
-0.0617449 -0.0774257 0.188255 -0.390916
-0.23475 -0.294368 0.339224 -0.704406
-0.48475 -0.607858 0.423005 -0.87838
-0.762229 -0.955805 0.423005 -0.87838
-1.01223 -1.2693 0.339224 -0.704406
-1.18523 -1.48624 0.188255 -0.390916
-1.24698 -1.56366 -4.02733e-08 8.36283e-08
-0.445042 -1.94986 0 0
-0.423005 -1.85331 -0.270522 0.339224
-0.36126 -1.58279 -0.487464 0.61126
-0.272036 -1.19187 -0.607858 0.762229
-0.173005 -0.757986 -0.607858 0.762229
-0.0837814 -0.36707 -0.487464 0.61126
-0.0220365 -0.0965482 -0.270522 0.339224
-2.22343e-16 -9.74149e-16 2.89363e-08 -3.6285e-08
-0.0220365 -0.0965482 0.270522 -0.339224
-0.0837814 -0.36707 0.487464 -0.61126
-0.173005 -0.757986 0.607858 -0.762229
-0.272036 -1.19187 0.607858 -0.762229
-0.36126 -1.58279 0.487464 -0.61126
-0.423005 -1.85331 0.270522 -0.339224
-0.445042 -1.94986 -5.78726e-08 7.25699e-08
0.445042 -1.94986 0 0
0.423006 -1.85331 -0.339224 0.270522
0.361261 -1.58279 -0.61126 0.487464
0.272037 -1.19187 -0.762229 0.607858
0.173005 -0.757986 -0.762229 0.607858
0.0837814 -0.36707 -0.61126 0.487464
0.0220365 -0.0965482 -0.339224 0.270522
2.22343e-16 -9.74149e-16 3.6285e-08 -2.89363e-08
0.0220365 -0.0965482 0.339224 -0.270522
0.0837814 -0.36707 0.611261 -0.487464
0.173005 -0.757986 0.762229 -0.607858
0.272037 -1.19187 0.762229 -0.607858
0.361261 -1.58279 0.61126 -0.487464
0.423006 -1.85331 0.339224 -0.270522
0.445042 -1.94986 -7.25699e-08 5.78726e-08
1.24698 -1.56366 0 0
1.18523 -1.48624 -0.390916 0.188255
1.01223 -1.2693 -0.704406 0.339224
0.762229 -0.955805 -0.87838 0.423005
0.48475 -0.607858 -0.87838 0.423005
0.23475 -0.294367 -0.704406 0.339224
0.0617449 -0.0774256 -0.390916 0.188255
6.22992e-16 -7.81207e-16 4.18142e-08 -2.01366e-08
0.0617449 -0.0774257 0.390916 -0.188255
0.23475 -0.294368 0.704406 -0.339224
0.48475 -0.607858 0.87838 -0.423005
0.762229 -0.955805 0.87838 -0.423005
1.01223 -1.2693 0.704406 -0.339224
1.18523 -1.48624 0.390916 -0.188255
1.24698 -1.56366 -8.36283e-08 4.02733e-08
1.80194 -0.867767 0 0
1.71271 -0.824799 -0.423005 0.0965482
1.46271 -0.704406 -0.762229 0.173974
1.10145 -0.530432 -0.950484 0.216942
0.700484 -0.337335 -0.950484 0.216942
0.339224 -0.163362 -0.762229 0.173974
0.089224 -0.042968 -0.423005 0.0965482
9.00249e-16 -4.33537e-16 4.52466e-08 -1.03272e-08
0.089224 -0.042968 0.423005 -0.0965482
0.339224 -0.163362 0.762229 -0.173974
0.700485 -0.337335 0.950484 -0.216942
1.10145 -0.530432 0.950484 -0.216942
1.46271 -0.704406 0.762229 -0.173974
1.71271 -0.824799 0.423005 -0.0965482
1.80194 -0.867767 -9.04932e-08 2.06545e-08
2 1.85641e-07 0 0
1.90097 1.76449e-07 -0.433884 -2.01366e-08
1.62349 1.50693e-07 -0.781831 -3.6285e-08
1.22252 1.13475e-07 -0.974928 -4.52466e-08
0.777479 7.21659e-08 -0.974928 -4.52466e-08
0.37651 3.49478e-08 -0.781831 -3.6285e-08
0.0990311 9.19211e-09 -0.433884 -2.01366e-08
9.99201e-16 9.27462e-23 4.64102e-08 2.15391e-15
0.0990312 9.19211e-09 0.433884 2.01366e-08
0.37651 3.49478e-08 0.781832 3.6285e-08
0.777479 7.21659e-08 0.974928 4.52466e-08
1.22252 1.13475e-07 0.974928 4.52466e-08
1.62349 1.50693e-07 0.781831 3.6285e-08
1.90097 1.76449e-07 0.433884 2.01366e-08
2 1.85641e-07 -9.28204e-08 -4.30781e-15
