appearance { *+edge linewidth 1 shading csmooth }
LIST
4MESH
2 2
-0.400000 -0.360000 -0.400000 0.400000 
0.400000 -0.360000 -0.400000 0.400000 
-0.400000 -0.440000 -0.400000 0.400000 
0.400000 -0.440000 -0.400000 0.400000 
4MESH
2 2
-0.400000 -0.400000 -0.360000 0.400000 
0.400000 -0.400000 -0.360000 0.400000 
-0.400000 -0.400000 -0.440000 0.400000 
0.400000 -0.400000 -0.440000 0.400000 
4MESH
2 2
-0.400000 -0.400000 -0.400000 0.440000 
0.400000 -0.400000 -0.400000 0.440000 
-0.400000 -0.400000 -0.400000 0.360000 
0.400000 -0.400000 -0.400000 0.360000 
4MESH
2 2
-0.360000 -0.400000 -0.400000 0.400000 
-0.360000 0.400000 -0.400000 0.400000 
-0.440000 -0.400000 -0.400000 0.400000 
-0.440000 0.400000 -0.400000 0.400000 
4MESH
2 2
-0.400000 -0.400000 -0.360000 0.400000 
-0.400000 0.400000 -0.360000 0.400000 
-0.400000 -0.400000 -0.440000 0.400000 
-0.400000 0.400000 -0.440000 0.400000 
4MESH
2 2
-0.400000 -0.400000 -0.400000 0.440000 
-0.400000 0.400000 -0.400000 0.440000 
-0.400000 -0.400000 -0.400000 0.360000 
-0.400000 0.400000 -0.400000 0.360000 
4MESH
2 2
-0.360000 -0.400000 -0.400000 0.400000 
-0.360000 -0.400000 0.400000 0.400000 
-0.440000 -0.400000 -0.400000 0.400000 
-0.440000 -0.400000 0.400000 0.400000 
4MESH
2 2
-0.400000 -0.360000 -0.400000 0.400000 
-0.400000 -0.360000 0.400000 0.400000 
-0.400000 -0.440000 -0.400000 0.400000 
-0.400000 -0.440000 0.400000 0.400000 
4MESH
2 2
-0.400000 -0.400000 -0.400000 0.440000 
-0.400000 -0.400000 0.400000 0.440000 
-0.400000 -0.400000 -0.400000 0.360000 
-0.400000 -0.400000 0.400000 0.360000 
4MESH
2 2
0.440000 -0.400000 -0.400000 0.400000 
0.440000 0.400000 -0.400000 0.400000 
0.360000 -0.400000 -0.400000 0.400000 
0.360000 0.400000 -0.400000 0.400000 
4MESH
2 2
0.400000 -0.400000 -0.360000 0.400000 
0.400000 0.400000 -0.360000 0.400000 
0.400000 -0.400000 -0.440000 0.400000 
0.400000 0.400000 -0.440000 0.400000 
4MESH
2 2
0.400000 -0.400000 -0.400000 0.440000 
0.400000 0.400000 -0.400000 0.440000 
0.400000 -0.400000 -0.400000 0.360000 
0.400000 0.400000 -0.400000 0.360000 
4MESH
2 2
0.440000 -0.400000 -0.400000 0.400000 
0.440000 -0.400000 0.400000 0.400000 
0.360000 -0.400000 -0.400000 0.400000 
0.360000 -0.400000 0.400000 0.400000 
4MESH
2 2
0.400000 -0.360000 -0.400000 0.400000 
0.400000 -0.360000 0.400000 0.400000 
0.400000 -0.440000 -0.400000 0.400000 
0.400000 -0.440000 0.400000 0.400000 
4MESH
2 2
0.400000 -0.400000 -0.400000 0.440000 
0.400000 -0.400000 0.400000 0.440000 
0.400000 -0.400000 -0.400000 0.360000 
0.400000 -0.400000 0.400000 0.360000 
4MESH
2 2
-0.400000 0.440000 -0.400000 0.400000 
0.400000 0.440000 -0.400000 0.400000 
-0.400000 0.360000 -0.400000 0.400000 
0.400000 0.360000 -0.400000 0.400000 
4MESH
2 2
-0.400000 0.400000 -0.360000 0.400000 
0.400000 0.400000 -0.360000 0.400000 
-0.400000 0.400000 -0.440000 0.400000 
0.400000 0.400000 -0.440000 0.400000 
4MESH
2 2
-0.400000 0.400000 -0.400000 0.440000 
0.400000 0.400000 -0.400000 0.440000 
-0.400000 0.400000 -0.400000 0.360000 
0.400000 0.400000 -0.400000 0.360000 
4MESH
2 2
-0.360000 0.400000 -0.400000 0.400000 
-0.360000 0.400000 0.400000 0.400000 
-0.440000 0.400000 -0.400000 0.400000 
-0.440000 0.400000 0.400000 0.400000 
4MESH
2 2
-0.400000 0.440000 -0.400000 0.400000 
-0.400000 0.440000 0.400000 0.400000 
-0.400000 0.360000 -0.400000 0.400000 
-0.400000 0.360000 0.400000 0.400000 
4MESH
2 2
-0.400000 0.400000 -0.400000 0.440000 
-0.400000 0.400000 0.400000 0.440000 
-0.400000 0.400000 -0.400000 0.360000 
-0.400000 0.400000 0.400000 0.360000 
4MESH
2 2
0.440000 0.400000 -0.400000 0.400000 
0.440000 0.400000 0.400000 0.400000 
0.360000 0.400000 -0.400000 0.400000 
0.360000 0.400000 0.400000 0.400000 
4MESH
2 2
0.400000 0.440000 -0.400000 0.400000 
0.400000 0.440000 0.400000 0.400000 
0.400000 0.360000 -0.400000 0.400000 
0.400000 0.360000 0.400000 0.400000 
4MESH
2 2
0.400000 0.400000 -0.400000 0.440000 
0.400000 0.400000 0.400000 0.440000 
0.400000 0.400000 -0.400000 0.360000 
0.400000 0.400000 0.400000 0.360000 
4MESH
2 2
-0.400000 -0.360000 0.400000 0.400000 
0.400000 -0.360000 0.400000 0.400000 
-0.400000 -0.440000 0.400000 0.400000 
0.400000 -0.440000 0.400000 0.400000 
4MESH
2 2
-0.400000 -0.400000 0.440000 0.400000 
0.400000 -0.400000 0.440000 0.400000 
-0.400000 -0.400000 0.360000 0.400000 
0.400000 -0.400000 0.360000 0.400000 
4MESH
2 2
-0.400000 -0.400000 0.400000 0.440000 
0.400000 -0.400000 0.400000 0.440000 
-0.400000 -0.400000 0.400000 0.360000 
0.400000 -0.400000 0.400000 0.360000 
4MESH
2 2
-0.360000 -0.400000 0.400000 0.400000 
-0.360000 0.400000 0.400000 0.400000 
-0.440000 -0.400000 0.400000 0.400000 
-0.440000 0.400000 0.400000 0.400000 
4MESH
2 2
-0.400000 -0.400000 0.440000 0.400000 
-0.400000 0.400000 0.440000 0.400000 
-0.400000 -0.400000 0.360000 0.400000 
-0.400000 0.400000 0.360000 0.400000 
4MESH
2 2
-0.400000 -0.400000 0.400000 0.440000 
-0.400000 0.400000 0.400000 0.440000 
-0.400000 -0.400000 0.400000 0.360000 
-0.400000 0.400000 0.400000 0.360000 
4MESH
2 2
0.440000 -0.400000 0.400000 0.400000 
0.440000 0.400000 0.400000 0.400000 
0.360000 -0.400000 0.400000 0.400000 
0.360000 0.400000 0.400000 0.400000 
4MESH
2 2
0.400000 -0.400000 0.440000 0.400000 
0.400000 0.400000 0.440000 0.400000 
0.400000 -0.400000 0.360000 0.400000 
0.400000 0.400000 0.360000 0.400000 
4MESH
2 2
0.400000 -0.400000 0.400000 0.440000 
0.400000 0.400000 0.400000 0.440000 
0.400000 -0.400000 0.400000 0.360000 
0.400000 0.400000 0.400000 0.360000 
4MESH
2 2
-0.400000 0.440000 0.400000 0.400000 
0.400000 0.440000 0.400000 0.400000 
-0.400000 0.360000 0.400000 0.400000 
0.400000 0.360000 0.400000 0.400000 
4MESH
2 2
-0.400000 0.400000 0.440000 0.400000 
0.400000 0.400000 0.440000 0.400000 
-0.400000 0.400000 0.360000 0.400000 
0.400000 0.400000 0.360000 0.400000 
4MESH
2 2
-0.400000 0.400000 0.400000 0.440000 
0.400000 0.400000 0.400000 0.440000 
-0.400000 0.400000 0.400000 0.360000 
0.400000 0.400000 0.400000 0.360000 
appearance {linewidth 9}
4VECT
8 8 1
1 1 1 1 1 1 1 1 
1 0 0 0 0 0 0 0 

-0.4 -0.4 -0.4 0.4
-0.4 -0.4 0.4 0.4
-0.4 0.4 -0.4 0.4
-0.4 0.4 0.4 0.4
0.4 -0.4 -0.4 0.4
0.4 -0.4 0.4 0.4
0.4 0.4 -0.4 0.4
0.4 0.4 0.4 0.4

1 0 0 1
