# ../solar/junk/mkearthtx -stereographic 28 14
appearance {
	*-evert
	-backcull
	+texturing
	shading smooth
	texture {
		#clamp st
		file geologo.pgm.gz
		transform 1.5 0 0 0  0 1.5 0 0  0 0 1 0  -.25 -.25 0 1
	}
}
# We could also use:
#
# STSPHERE STEREOGRAPHIC 1 0 0 0
#
# Make sure to disable backculling in this case.
#
NUMESH
29 14
0.0000 0.0000 1.0000  0.000 0.000 1.000  0.5000 0.5000 0
0.0000 0.0000 1.0000  0.000 0.000 1.000  0.5000 0.5000 0
0.0000 0.0000 1.0000  0.000 0.000 1.000  0.5000 0.5000 0
0.0000 0.0000 1.0000  0.000 0.000 1.000  0.5000 0.5000 0
0.0000 0.0000 1.0000  0.000 0.000 1.000  0.5000 0.5000 0
0.0000 0.0000 1.0000  0.000 0.000 1.000  0.5000 0.5000 0
0.0000 0.0000 1.0000  0.000 0.000 1.000  0.5000 0.5000 0
0.0000 0.0000 1.0000  0.000 0.000 1.000  0.5000 0.5000 0
0.0000 0.0000 1.0000  0.000 0.000 1.000  0.5000 0.5000 0
0.0000 0.0000 1.0000  0.000 0.000 1.000  0.5000 0.5000 0
0.0000 0.0000 1.0000  0.000 0.000 1.000  0.5000 0.5000 0
0.0000 0.0000 1.0000  0.000 0.000 1.000  0.5000 0.5000 0
0.0000 0.0000 1.0000  0.000 0.000 1.000  0.5000 0.5000 0
0.0000 0.0000 1.0000  0.000 0.000 1.000  0.5000 0.5000 0
0.0000 0.0000 1.0000  0.000 0.000 1.000  0.5000 0.5000 0
0.0000 0.0000 1.0000  0.000 0.000 1.000  0.5000 0.5000 0
0.0000 0.0000 1.0000  0.000 0.000 1.000  0.5000 0.5000 0
0.0000 0.0000 1.0000  0.000 0.000 1.000  0.5000 0.5000 0
0.0000 0.0000 1.0000  0.000 0.000 1.000  0.5000 0.5000 0
0.0000 0.0000 1.0000  0.000 0.000 1.000  0.5000 0.5000 0
0.0000 0.0000 1.0000  0.000 0.000 1.000  0.5000 0.5000 0
0.0000 0.0000 1.0000  0.000 0.000 1.000  0.5000 0.5000 0
0.0000 0.0000 1.0000  0.000 0.000 1.000  0.5000 0.5000 0
0.0000 0.0000 1.0000  0.000 0.000 1.000  0.5000 0.5000 0
0.0000 0.0000 1.0000  0.000 0.000 1.000  0.5000 0.5000 0
0.0000 0.0000 1.0000  0.000 0.000 1.000  0.5000 0.5000 0
0.0000 0.0000 1.0000  0.000 0.000 1.000  0.5000 0.5000 0
0.0000 0.0000 1.0000  0.000 0.000 1.000  0.5000 0.5000 0
0.0000 0.0000 1.0000  0.000 0.000 1.000  0.5000 0.5000 0

0.2393 0.0000 0.9709  0.239 0.000 0.971  0.6214 0.5000 0
0.2333 0.0533 0.9709  0.233 0.053 0.971  0.6184 0.5270 0
0.2156 0.1038 0.9709  0.216 0.104 0.971  0.6094 0.5527 0
0.1871 0.1492 0.9709  0.187 0.149 0.971  0.5949 0.5757 0
0.1492 0.1871 0.9709  0.149 0.187 0.971  0.5757 0.5949 0
0.1038 0.2156 0.9709  0.104 0.216 0.971  0.5527 0.6094 0
0.0533 0.2333 0.9709  0.053 0.233 0.971  0.5270 0.6184 0
0.0000 0.2393 0.9709  0.000 0.239 0.971  0.5000 0.6214 0
-0.0533 0.2333 0.9709  -0.053 0.233 0.971  0.4730 0.6184 0
-0.1038 0.2156 0.9709  -0.104 0.216 0.971  0.4473 0.6094 0
-0.1492 0.1871 0.9709  -0.149 0.187 0.971  0.4243 0.5949 0
-0.1871 0.1492 0.9709  -0.187 0.149 0.971  0.4051 0.5757 0
-0.2156 0.1038 0.9709  -0.216 0.104 0.971  0.3906 0.5527 0
-0.2333 0.0533 0.9709  -0.233 0.053 0.971  0.3816 0.5270 0
-0.2393 0.0000 0.9709  -0.239 0.000 0.971  0.3786 0.5000 0
-0.2333 -0.0533 0.9709  -0.233 -0.053 0.971  0.3816 0.4730 0
-0.2156 -0.1038 0.9709  -0.216 -0.104 0.971  0.3906 0.4473 0
-0.1871 -0.1492 0.9709  -0.187 -0.149 0.971  0.4051 0.4243 0
-0.1492 -0.1871 0.9709  -0.149 -0.187 0.971  0.4243 0.4051 0
-0.1038 -0.2156 0.9709  -0.104 -0.216 0.971  0.4473 0.3906 0
-0.0533 -0.2333 0.9709  -0.053 -0.233 0.971  0.4730 0.3816 0
0.0000 -0.2393 0.9709  0.000 -0.239 0.971  0.5000 0.3786 0
0.0533 -0.2333 0.9709  0.053 -0.233 0.971  0.5270 0.3816 0
0.1038 -0.2156 0.9709  0.104 -0.216 0.971  0.5527 0.3906 0
0.1492 -0.1871 0.9709  0.149 -0.187 0.971  0.5757 0.4051 0
0.1871 -0.1492 0.9709  0.187 -0.149 0.971  0.5949 0.4243 0
0.2156 -0.1038 0.9709  0.216 -0.104 0.971  0.6094 0.4473 0
0.2333 -0.0533 0.9709  0.233 -0.053 0.971  0.6184 0.4730 0
0.2393 0.0000 0.9709  0.239 0.000 0.971  0.6214 0.5000 0

0.4647 0.0000 0.8855  0.465 0.000 0.885  0.7465 0.5000 0
0.4531 0.1034 0.8855  0.453 0.103 0.885  0.7403 0.5548 0
0.4187 0.2016 0.8855  0.419 0.202 0.885  0.7221 0.6069 0
0.3633 0.2898 0.8855  0.363 0.290 0.885  0.6927 0.6537 0
0.2898 0.3633 0.8855  0.290 0.363 0.885  0.6537 0.6927 0
0.2016 0.4187 0.8855  0.202 0.419 0.885  0.6069 0.7221 0
0.1034 0.4531 0.8855  0.103 0.453 0.885  0.5548 0.7403 0
0.0000 0.4647 0.8855  0.000 0.465 0.885  0.5000 0.7465 0
-0.1034 0.4531 0.8855  -0.103 0.453 0.885  0.4452 0.7403 0
-0.2016 0.4187 0.8855  -0.202 0.419 0.885  0.3931 0.7221 0
-0.2898 0.3633 0.8855  -0.290 0.363 0.885  0.3463 0.6927 0
-0.3633 0.2898 0.8855  -0.363 0.290 0.885  0.3073 0.6537 0
-0.4187 0.2016 0.8855  -0.419 0.202 0.885  0.2779 0.6069 0
-0.4531 0.1034 0.8855  -0.453 0.103 0.885  0.2597 0.5548 0
-0.4647 0.0000 0.8855  -0.465 0.000 0.885  0.2535 0.5000 0
-0.4531 -0.1034 0.8855  -0.453 -0.103 0.885  0.2597 0.4452 0
-0.4187 -0.2016 0.8855  -0.419 -0.202 0.885  0.2779 0.3931 0
-0.3633 -0.2898 0.8855  -0.363 -0.290 0.885  0.3073 0.3463 0
-0.2898 -0.3633 0.8855  -0.290 -0.363 0.885  0.3463 0.3073 0
-0.2016 -0.4187 0.8855  -0.202 -0.419 0.885  0.3931 0.2779 0
-0.1034 -0.4531 0.8855  -0.103 -0.453 0.885  0.4452 0.2597 0
0.0000 -0.4647 0.8855  0.000 -0.465 0.885  0.5000 0.2535 0
0.1034 -0.4531 0.8855  0.103 -0.453 0.885  0.5548 0.2597 0
0.2016 -0.4187 0.8855  0.202 -0.419 0.885  0.6069 0.2779 0
0.2898 -0.3633 0.8855  0.290 -0.363 0.885  0.6537 0.3073 0
0.3633 -0.2898 0.8855  0.363 -0.290 0.885  0.6927 0.3463 0
0.4187 -0.2016 0.8855  0.419 -0.202 0.885  0.7221 0.3931 0
0.4531 -0.1034 0.8855  0.453 -0.103 0.885  0.7403 0.4452 0
0.4647 0.0000 0.8855  0.465 0.000 0.885  0.7465 0.5000 0

0.6631 0.0000 0.7485  0.663 0.000 0.749  0.8792 0.5000 0
0.6465 0.1476 0.7485  0.646 0.148 0.749  0.8697 0.5844 0
0.5975 0.2877 0.7485  0.597 0.288 0.749  0.8417 0.6646 0
0.5185 0.4135 0.7485  0.518 0.413 0.749  0.7965 0.7365 0
0.4135 0.5185 0.7485  0.413 0.518 0.749  0.7365 0.7965 0
0.2877 0.5975 0.7485  0.288 0.597 0.749  0.6646 0.8417 0
0.1476 0.6465 0.7485  0.148 0.646 0.749  0.5844 0.8697 0
0.0000 0.6631 0.7485  0.000 0.663 0.749  0.5000 0.8792 0
-0.1476 0.6465 0.7485  -0.148 0.646 0.749  0.4156 0.8697 0
-0.2877 0.5975 0.7485  -0.288 0.597 0.749  0.3354 0.8417 0
-0.4135 0.5185 0.7485  -0.413 0.518 0.749  0.2635 0.7965 0
-0.5185 0.4135 0.7485  -0.518 0.413 0.749  0.2035 0.7365 0
-0.5975 0.2877 0.7485  -0.597 0.288 0.749  0.1583 0.6646 0
-0.6465 0.1476 0.7485  -0.646 0.148 0.749  0.1303 0.5844 0
-0.6631 0.0000 0.7485  -0.663 0.000 0.749  0.1208 0.5000 0
-0.6465 -0.1476 0.7485  -0.646 -0.148 0.749  0.1303 0.4156 0
-0.5975 -0.2877 0.7485  -0.597 -0.288 0.749  0.1583 0.3354 0
-0.5185 -0.4135 0.7485  -0.518 -0.413 0.749  0.2035 0.2635 0
-0.4135 -0.5185 0.7485  -0.413 -0.518 0.749  0.2635 0.2035 0
-0.2877 -0.5975 0.7485  -0.288 -0.597 0.749  0.3354 0.1583 0
-0.1476 -0.6465 0.7485  -0.148 -0.646 0.749  0.4156 0.1303 0
0.0000 -0.6631 0.7485  0.000 -0.663 0.749  0.5000 0.1208 0
0.1476 -0.6465 0.7485  0.148 -0.646 0.749  0.5844 0.1303 0
0.2877 -0.5975 0.7485  0.288 -0.597 0.749  0.6646 0.1583 0
0.4135 -0.5185 0.7485  0.413 -0.518 0.749  0.7365 0.2035 0
0.5185 -0.4135 0.7485  0.518 -0.413 0.749  0.7965 0.2635 0
0.5975 -0.2877 0.7485  0.597 -0.288 0.749  0.8417 0.3354 0
0.6465 -0.1476 0.7485  0.646 -0.148 0.749  0.8697 0.4156 0
0.6631 0.0000 0.7485  0.663 0.000 0.749  0.8792 0.5000 0

0.8230 0.0000 0.5681  0.823 0.000 0.568  1.0248 0.5000 0
0.8023 0.1831 0.5681  0.802 0.183 0.568  1.0117 0.6168 0
0.7415 0.3571 0.5681  0.741 0.357 0.568  0.9729 0.7277 0
0.6434 0.5131 0.5681  0.643 0.513 0.568  0.9103 0.8272 0
0.5131 0.6434 0.5681  0.513 0.643 0.568  0.8272 0.9103 0
0.3571 0.7415 0.5681  0.357 0.741 0.568  0.7277 0.9729 0
0.1831 0.8023 0.5681  0.183 0.802 0.568  0.6168 1.0117 0
0.0000 0.8230 0.5681  0.000 0.823 0.568  0.5000 1.0248 0
-0.1831 0.8023 0.5681  -0.183 0.802 0.568  0.3832 1.0117 0
-0.3571 0.7415 0.5681  -0.357 0.741 0.568  0.2723 0.9729 0
-0.5131 0.6434 0.5681  -0.513 0.643 0.568  0.1728 0.9103 0
-0.6434 0.5131 0.5681  -0.643 0.513 0.568  0.0897 0.8272 0
-0.7415 0.3571 0.5681  -0.741 0.357 0.568  0.0271 0.7277 0
-0.8023 0.1831 0.5681  -0.802 0.183 0.568  -0.0117 0.6168 0
-0.8230 0.0000 0.5681  -0.823 0.000 0.568  -0.0248 0.5000 0
-0.8023 -0.1831 0.5681  -0.802 -0.183 0.568  -0.0117 0.3832 0
-0.7415 -0.3571 0.5681  -0.741 -0.357 0.568  0.0271 0.2723 0
-0.6434 -0.5131 0.5681  -0.643 -0.513 0.568  0.0897 0.1728 0
-0.5131 -0.6434 0.5681  -0.513 -0.643 0.568  0.1728 0.0897 0
-0.3571 -0.7415 0.5681  -0.357 -0.741 0.568  0.2723 0.0271 0
-0.1831 -0.8023 0.5681  -0.183 -0.802 0.568  0.3832 -0.0117 0
0.0000 -0.8230 0.5681  0.000 -0.823 0.568  0.5000 -0.0248 0
0.1831 -0.8023 0.5681  0.183 -0.802 0.568  0.6168 -0.0117 0
0.3571 -0.7415 0.5681  0.357 -0.741 0.568  0.7277 0.0271 0
0.5131 -0.6434 0.5681  0.513 -0.643 0.568  0.8272 0.0897 0
0.6434 -0.5131 0.5681  0.643 -0.513 0.568  0.9103 0.1728 0
0.7415 -0.3571 0.5681  0.741 -0.357 0.568  0.9729 0.2723 0
0.8023 -0.1831 0.5681  0.802 -0.183 0.568  1.0117 0.3832 0
0.8230 0.0000 0.5681  0.823 0.000 0.568  1.0248 0.5000 0

0.9350 0.0000 0.3546  0.935 0.000 0.355  1.1903 0.5000 0
0.9116 0.2081 0.3546  0.912 0.208 0.355  1.1729 0.6536 0
0.8424 0.4057 0.3546  0.842 0.406 0.355  1.1219 0.7995 0
0.7310 0.5830 0.3546  0.731 0.583 0.355  1.0397 0.9304 0
0.5830 0.7310 0.3546  0.583 0.731 0.355  0.9304 1.0397 0
0.4057 0.8424 0.3546  0.406 0.842 0.355  0.7995 1.1219 0
0.2081 0.9116 0.3546  0.208 0.912 0.355  0.6536 1.1729 0
0.0000 0.9350 0.3546  0.000 0.935 0.355  0.5000 1.1903 0
-0.2081 0.9116 0.3546  -0.208 0.912 0.355  0.3464 1.1729 0
-0.4057 0.8424 0.3546  -0.406 0.842 0.355  0.2005 1.1219 0
-0.5830 0.7310 0.3546  -0.583 0.731 0.355  0.0696 1.0397 0
-0.7310 0.5830 0.3546  -0.731 0.583 0.355  -0.0397 0.9304 0
-0.8424 0.4057 0.3546  -0.842 0.406 0.355  -0.1219 0.7995 0
-0.9116 0.2081 0.3546  -0.912 0.208 0.355  -0.1729 0.6536 0
-0.9350 0.0000 0.3546  -0.935 0.000 0.355  -0.1903 0.5000 0
-0.9116 -0.2081 0.3546  -0.912 -0.208 0.355  -0.1729 0.3464 0
-0.8424 -0.4057 0.3546  -0.842 -0.406 0.355  -0.1219 0.2005 0
-0.7310 -0.5830 0.3546  -0.731 -0.583 0.355  -0.0397 0.0696 0
-0.5830 -0.7310 0.3546  -0.583 -0.731 0.355  0.0696 -0.0397 0
-0.4057 -0.8424 0.3546  -0.406 -0.842 0.355  0.2005 -0.1219 0
-0.2081 -0.9116 0.3546  -0.208 -0.912 0.355  0.3464 -0.1729 0
0.0000 -0.9350 0.3546  0.000 -0.935 0.355  0.5000 -0.1903 0
0.2081 -0.9116 0.3546  0.208 -0.912 0.355  0.6536 -0.1729 0
0.4057 -0.8424 0.3546  0.406 -0.842 0.355  0.7995 -0.1219 0
0.5830 -0.7310 0.3546  0.583 -0.731 0.355  0.9304 -0.0397 0
0.7310 -0.5830 0.3546  0.731 -0.583 0.355  1.0397 0.0696 0
0.8424 -0.4057 0.3546  0.842 -0.406 0.355  1.1219 0.2005 0
0.9116 -0.2081 0.3546  0.912 -0.208 0.355  1.1729 0.3464 0
0.9350 0.0000 0.3546  0.935 0.000 0.355  1.1903 0.5000 0

0.9927 0.0000 0.1205  0.993 0.000 0.121  1.3859 0.5000 0
0.9678 0.2209 0.1205  0.968 0.221 0.121  1.3637 0.6971 0
0.8944 0.4307 0.1205  0.894 0.431 0.121  1.2982 0.8844 0
0.7761 0.6189 0.1205  0.776 0.619 0.121  1.1926 1.0524 0
0.6189 0.7761 0.1205  0.619 0.776 0.121  1.0524 1.1926 0
0.4307 0.8944 0.1205  0.431 0.894 0.121  0.8844 1.2982 0
0.2209 0.9678 0.1205  0.221 0.968 0.121  0.6971 1.3637 0
0.0000 0.9927 0.1205  0.000 0.993 0.121  0.5000 1.3859 0
-0.2209 0.9678 0.1205  -0.221 0.968 0.121  0.3029 1.3637 0
-0.4307 0.8944 0.1205  -0.431 0.894 0.121  0.1156 1.2982 0
-0.6189 0.7761 0.1205  -0.619 0.776 0.121  -0.0524 1.1926 0
-0.7761 0.6189 0.1205  -0.776 0.619 0.121  -0.1926 1.0524 0
-0.8944 0.4307 0.1205  -0.894 0.431 0.121  -0.2982 0.8844 0
-0.9678 0.2209 0.1205  -0.968 0.221 0.121  -0.3637 0.6971 0
-0.9927 0.0000 0.1205  -0.993 0.000 0.121  -0.3859 0.5000 0
-0.9678 -0.2209 0.1205  -0.968 -0.221 0.121  -0.3637 0.3029 0
-0.8944 -0.4307 0.1205  -0.894 -0.431 0.121  -0.2982 0.1156 0
-0.7761 -0.6189 0.1205  -0.776 -0.619 0.121  -0.1926 -0.0524 0
-0.6189 -0.7761 0.1205  -0.619 -0.776 0.121  -0.0524 -0.1926 0
-0.4307 -0.8944 0.1205  -0.431 -0.894 0.121  0.1156 -0.2982 0
-0.2209 -0.9678 0.1205  -0.221 -0.968 0.121  0.3029 -0.3637 0
0.0000 -0.9927 0.1205  0.000 -0.993 0.121  0.5000 -0.3859 0
0.2209 -0.9678 0.1205  0.221 -0.968 0.121  0.6971 -0.3637 0
0.4307 -0.8944 0.1205  0.431 -0.894 0.121  0.8844 -0.2982 0
0.6189 -0.7761 0.1205  0.619 -0.776 0.121  1.0524 -0.1926 0
0.7761 -0.6189 0.1205  0.776 -0.619 0.121  1.1926 -0.0524 0
0.8944 -0.4307 0.1205  0.894 -0.431 0.121  1.2982 0.1156 0
0.9678 -0.2209 0.1205  0.968 -0.221 0.121  1.3637 0.3029 0
0.9927 0.0000 0.1205  0.993 0.000 0.121  1.3859 0.5000 0

0.9927 0.0000 -0.1205  0.993 0.000 -0.121  1.6288 0.5000 0
0.9678 0.2209 -0.1205  0.968 0.221 -0.121  1.6005 0.7512 0
0.8944 0.4307 -0.1205  0.894 0.431 -0.121  1.5170 0.9898 0
0.7761 0.6189 -0.1205  0.776 0.619 -0.121  1.3825 1.2038 0
0.6189 0.7761 -0.1205  0.619 0.776 -0.121  1.2038 1.3825 0
0.4307 0.8944 -0.1205  0.431 0.894 -0.121  0.9898 1.5170 0
0.2209 0.9678 -0.1205  0.221 0.968 -0.121  0.7512 1.6005 0
0.0000 0.9927 -0.1205  0.000 0.993 -0.121  0.5000 1.6288 0
-0.2209 0.9678 -0.1205  -0.221 0.968 -0.121  0.2488 1.6005 0
-0.4307 0.8944 -0.1205  -0.431 0.894 -0.121  0.0102 1.5170 0
-0.6189 0.7761 -0.1205  -0.619 0.776 -0.121  -0.2038 1.3825 0
-0.7761 0.6189 -0.1205  -0.776 0.619 -0.121  -0.3825 1.2038 0
-0.8944 0.4307 -0.1205  -0.894 0.431 -0.121  -0.5170 0.9898 0
-0.9678 0.2209 -0.1205  -0.968 0.221 -0.121  -0.6005 0.7512 0
-0.9927 0.0000 -0.1205  -0.993 0.000 -0.121  -0.6288 0.5000 0
-0.9678 -0.2209 -0.1205  -0.968 -0.221 -0.121  -0.6005 0.2488 0
-0.8944 -0.4307 -0.1205  -0.894 -0.431 -0.121  -0.5170 0.0102 0
-0.7761 -0.6189 -0.1205  -0.776 -0.619 -0.121  -0.3825 -0.2038 0
-0.6189 -0.7761 -0.1205  -0.619 -0.776 -0.121  -0.2038 -0.3825 0
-0.4307 -0.8944 -0.1205  -0.431 -0.894 -0.121  0.0102 -0.5170 0
-0.2209 -0.9678 -0.1205  -0.221 -0.968 -0.121  0.2488 -0.6005 0
0.0000 -0.9927 -0.1205  0.000 -0.993 -0.121  0.5000 -0.6288 0
0.2209 -0.9678 -0.1205  0.221 -0.968 -0.121  0.7512 -0.6005 0
0.4307 -0.8944 -0.1205  0.431 -0.894 -0.121  0.9898 -0.5170 0
0.6189 -0.7761 -0.1205  0.619 -0.776 -0.121  1.2038 -0.3825 0
0.7761 -0.6189 -0.1205  0.776 -0.619 -0.121  1.3825 -0.2038 0
0.8944 -0.4307 -0.1205  0.894 -0.431 -0.121  1.5170 0.0102 0
0.9678 -0.2209 -0.1205  0.968 -0.221 -0.121  1.6005 0.2488 0
0.9927 0.0000 -0.1205  0.993 0.000 -0.121  1.6288 0.5000 0

0.9350 0.0000 -0.3546  0.935 0.000 -0.355  1.9488 0.5000 0
0.9116 0.2081 -0.3546  0.912 0.208 -0.355  1.9124 0.8224 0
0.8424 0.4057 -0.3546  0.842 0.406 -0.355  1.8053 1.1286 0
0.7310 0.5830 -0.3546  0.731 0.583 -0.355  1.6327 1.4033 0
0.5830 0.7310 -0.3546  0.583 0.731 -0.355  1.4033 1.6327 0
0.4057 0.8424 -0.3546  0.406 0.842 -0.355  1.1286 1.8053 0
0.2081 0.9116 -0.3546  0.208 0.912 -0.355  0.8224 1.9124 0
0.0000 0.9350 -0.3546  0.000 0.935 -0.355  0.5000 1.9488 0
-0.2081 0.9116 -0.3546  -0.208 0.912 -0.355  0.1776 1.9124 0
-0.4057 0.8424 -0.3546  -0.406 0.842 -0.355  -0.1286 1.8053 0
-0.5830 0.7310 -0.3546  -0.583 0.731 -0.355  -0.4033 1.6327 0
-0.7310 0.5830 -0.3546  -0.731 0.583 -0.355  -0.6327 1.4033 0
-0.8424 0.4057 -0.3546  -0.842 0.406 -0.355  -0.8053 1.1286 0
-0.9116 0.2081 -0.3546  -0.912 0.208 -0.355  -0.9124 0.8224 0
-0.9350 0.0000 -0.3546  -0.935 0.000 -0.355  -0.9488 0.5000 0
-0.9116 -0.2081 -0.3546  -0.912 -0.208 -0.355  -0.9124 0.1776 0
-0.8424 -0.4057 -0.3546  -0.842 -0.406 -0.355  -0.8053 -0.1286 0
-0.7310 -0.5830 -0.3546  -0.731 -0.583 -0.355  -0.6327 -0.4033 0
-0.5830 -0.7310 -0.3546  -0.583 -0.731 -0.355  -0.4033 -0.6327 0
-0.4057 -0.8424 -0.3546  -0.406 -0.842 -0.355  -0.1286 -0.8053 0
-0.2081 -0.9116 -0.3546  -0.208 -0.912 -0.355  0.1776 -0.9124 0
0.0000 -0.9350 -0.3546  0.000 -0.935 -0.355  0.5000 -0.9488 0
0.2081 -0.9116 -0.3546  0.208 -0.912 -0.355  0.8224 -0.9124 0
0.4057 -0.8424 -0.3546  0.406 -0.842 -0.355  1.1286 -0.8053 0
0.5830 -0.7310 -0.3546  0.583 -0.731 -0.355  1.4033 -0.6327 0
0.7310 -0.5830 -0.3546  0.731 -0.583 -0.355  1.6327 -0.4033 0
0.8424 -0.4057 -0.3546  0.842 -0.406 -0.355  1.8053 -0.1286 0
0.9116 -0.2081 -0.3546  0.912 -0.208 -0.355  1.9124 0.1776 0
0.9350 0.0000 -0.3546  0.935 0.000 -0.355  1.9488 0.5000 0

0.8230 0.0000 -0.5681  0.823 0.000 -0.568  2.4053 0.5000 0
0.8023 0.1831 -0.5681  0.802 0.183 -0.568  2.3576 0.9240 0
0.7415 0.3571 -0.5681  0.741 0.357 -0.568  2.2167 1.3267 0
0.6434 0.5131 -0.5681  0.643 0.513 -0.568  1.9897 1.6880 0
0.5131 0.6434 -0.5681  0.513 0.643 -0.568  1.6880 1.9897 0
0.3571 0.7415 -0.5681  0.357 0.741 -0.568  1.3267 2.2167 0
0.1831 0.8023 -0.5681  0.183 0.802 -0.568  0.9240 2.3576 0
0.0000 0.8230 -0.5681  0.000 0.823 -0.568  0.5000 2.4053 0
-0.1831 0.8023 -0.5681  -0.183 0.802 -0.568  0.0760 2.3576 0
-0.3571 0.7415 -0.5681  -0.357 0.741 -0.568  -0.3267 2.2167 0
-0.5131 0.6434 -0.5681  -0.513 0.643 -0.568  -0.6880 1.9897 0
-0.6434 0.5131 -0.5681  -0.643 0.513 -0.568  -0.9897 1.6880 0
-0.7415 0.3571 -0.5681  -0.741 0.357 -0.568  -1.2167 1.3267 0
-0.8023 0.1831 -0.5681  -0.802 0.183 -0.568  -1.3576 0.9240 0
-0.8230 0.0000 -0.5681  -0.823 0.000 -0.568  -1.4053 0.5000 0
-0.8023 -0.1831 -0.5681  -0.802 -0.183 -0.568  -1.3576 0.0760 0
-0.7415 -0.3571 -0.5681  -0.741 -0.357 -0.568  -1.2167 -0.3267 0
-0.6434 -0.5131 -0.5681  -0.643 -0.513 -0.568  -0.9897 -0.6880 0
-0.5131 -0.6434 -0.5681  -0.513 -0.643 -0.568  -0.6880 -0.9897 0
-0.3571 -0.7415 -0.5681  -0.357 -0.741 -0.568  -0.3267 -1.2167 0
-0.1831 -0.8023 -0.5681  -0.183 -0.802 -0.568  0.0760 -1.3576 0
0.0000 -0.8230 -0.5681  0.000 -0.823 -0.568  0.5000 -1.4053 0
0.1831 -0.8023 -0.5681  0.183 -0.802 -0.568  0.9240 -1.3576 0
0.3571 -0.7415 -0.5681  0.357 -0.741 -0.568  1.3267 -1.2167 0
0.5131 -0.6434 -0.5681  0.513 -0.643 -0.568  1.6880 -0.9897 0
0.6434 -0.5131 -0.5681  0.643 -0.513 -0.568  1.9897 -0.6880 0
0.7415 -0.3571 -0.5681  0.741 -0.357 -0.568  2.2167 -0.3267 0
0.8023 -0.1831 -0.5681  0.802 -0.183 -0.568  2.3576 0.0760 0
0.8230 0.0000 -0.5681  0.823 0.000 -0.568  2.4053 0.5000 0

0.6631 0.0000 -0.7485  0.663 0.000 -0.749  3.1368 0.5000 0
0.6465 0.1476 -0.7485  0.646 0.148 -0.749  3.0707 1.0867 0
0.5975 0.2877 -0.7485  0.597 0.288 -0.749  2.8757 1.6441 0
0.5185 0.4135 -0.7485  0.518 0.413 -0.749  2.5615 2.1440 0
0.4135 0.5185 -0.7485  0.413 0.518 -0.749  2.1440 2.5615 0
0.2877 0.5975 -0.7485  0.288 0.597 -0.749  1.6441 2.8757 0
0.1476 0.6465 -0.7485  0.148 0.646 -0.749  1.0867 3.0707 0
0.0000 0.6631 -0.7485  0.000 0.663 -0.749  0.5000 3.1368 0
-0.1476 0.6465 -0.7485  -0.148 0.646 -0.749  -0.0867 3.0707 0
-0.2877 0.5975 -0.7485  -0.288 0.597 -0.749  -0.6441 2.8757 0
-0.4135 0.5185 -0.7485  -0.413 0.518 -0.749  -1.1440 2.5615 0
-0.5185 0.4135 -0.7485  -0.518 0.413 -0.749  -1.5615 2.1440 0
-0.5975 0.2877 -0.7485  -0.597 0.288 -0.749  -1.8757 1.6441 0
-0.6465 0.1476 -0.7485  -0.646 0.148 -0.749  -2.0707 1.0867 0
-0.6631 0.0000 -0.7485  -0.663 0.000 -0.749  -2.1368 0.5000 0
-0.6465 -0.1476 -0.7485  -0.646 -0.148 -0.749  -2.0707 -0.0867 0
-0.5975 -0.2877 -0.7485  -0.597 -0.288 -0.749  -1.8757 -0.6441 0
-0.5185 -0.4135 -0.7485  -0.518 -0.413 -0.749  -1.5615 -1.1440 0
-0.4135 -0.5185 -0.7485  -0.413 -0.518 -0.749  -1.1440 -1.5615 0
-0.2877 -0.5975 -0.7485  -0.288 -0.597 -0.749  -0.6441 -1.8757 0
-0.1476 -0.6465 -0.7485  -0.148 -0.646 -0.749  -0.0867 -2.0707 0
0.0000 -0.6631 -0.7485  0.000 -0.663 -0.749  0.5000 -2.1368 0
0.1476 -0.6465 -0.7485  0.148 -0.646 -0.749  1.0867 -2.0707 0
0.2877 -0.5975 -0.7485  0.288 -0.597 -0.749  1.6441 -1.8757 0
0.4135 -0.5185 -0.7485  0.413 -0.518 -0.749  2.1440 -1.5615 0
0.5185 -0.4135 -0.7485  0.518 -0.413 -0.749  2.5615 -1.1440 0
0.5975 -0.2877 -0.7485  0.597 -0.288 -0.749  2.8757 -0.6441 0
0.6465 -0.1476 -0.7485  0.646 -0.148 -0.749  3.0707 -0.0867 0
0.6631 0.0000 -0.7485  0.663 0.000 -0.749  3.1368 0.5000 0

0.4647 0.0000 -0.8855  0.465 0.000 -0.885  4.5572 0.5000 0
0.4531 0.1034 -0.8855  0.453 0.103 -0.885  4.4554 1.4028 0
0.4187 0.2016 -0.8855  0.419 0.202 -0.885  4.1554 2.2603 0
0.3633 0.2898 -0.8855  0.363 0.290 -0.885  3.6720 3.0296 0
0.2898 0.3633 -0.8855  0.290 0.363 -0.885  3.0296 3.6720 0
0.2016 0.4187 -0.8855  0.202 0.419 -0.885  2.2603 4.1554 0
0.1034 0.4531 -0.8855  0.103 0.453 -0.885  1.4028 4.4554 0
0.0000 0.4647 -0.8855  0.000 0.465 -0.885  0.5000 4.5572 0
-0.1034 0.4531 -0.8855  -0.103 0.453 -0.885  -0.4028 4.4554 0
-0.2016 0.4187 -0.8855  -0.202 0.419 -0.885  -1.2603 4.1554 0
-0.2898 0.3633 -0.8855  -0.290 0.363 -0.885  -2.0296 3.6720 0
-0.3633 0.2898 -0.8855  -0.363 0.290 -0.885  -2.6720 3.0296 0
-0.4187 0.2016 -0.8855  -0.419 0.202 -0.885  -3.1554 2.2603 0
-0.4531 0.1034 -0.8855  -0.453 0.103 -0.885  -3.4554 1.4028 0
-0.4647 0.0000 -0.8855  -0.465 0.000 -0.885  -3.5572 0.5000 0
-0.4531 -0.1034 -0.8855  -0.453 -0.103 -0.885  -3.4554 -0.4028 0
-0.4187 -0.2016 -0.8855  -0.419 -0.202 -0.885  -3.1554 -1.2603 0
-0.3633 -0.2898 -0.8855  -0.363 -0.290 -0.885  -2.6720 -2.0296 0
-0.2898 -0.3633 -0.8855  -0.290 -0.363 -0.885  -2.0296 -2.6720 0
-0.2016 -0.4187 -0.8855  -0.202 -0.419 -0.885  -1.2603 -3.1554 0
-0.1034 -0.4531 -0.8855  -0.103 -0.453 -0.885  -0.4028 -3.4554 0
0.0000 -0.4647 -0.8855  0.000 -0.465 -0.885  0.5000 -3.5572 0
0.1034 -0.4531 -0.8855  0.103 -0.453 -0.885  1.4028 -3.4554 0
0.2016 -0.4187 -0.8855  0.202 -0.419 -0.885  2.2603 -3.1554 0
0.2898 -0.3633 -0.8855  0.290 -0.363 -0.885  3.0296 -2.6720 0
0.3633 -0.2898 -0.8855  0.363 -0.290 -0.885  3.6720 -2.0296 0
0.4187 -0.2016 -0.8855  0.419 -0.202 -0.885  4.1554 -1.2603 0
0.4531 -0.1034 -0.8855  0.453 -0.103 -0.885  4.4554 -0.4028 0
0.4647 0.0000 -0.8855  0.465 0.000 -0.885  4.5572 0.5000 0

0.2393 0.0000 -0.9709  0.239 0.000 -0.971  8.7357 0.5000 0
0.2333 0.0533 -0.9709  0.233 0.053 -0.971  8.5293 2.3326 0
0.2156 0.1038 -0.9709  0.216 0.104 -0.971  7.9201 4.0734 0
0.1871 0.1492 -0.9709  0.187 0.149 -0.971  6.9390 5.6349 0
0.1492 0.1871 -0.9709  0.149 0.187 -0.971  5.6349 6.9390 0
0.1038 0.2156 -0.9709  0.104 0.216 -0.971  4.0734 7.9201 0
0.0533 0.2333 -0.9709  0.053 0.233 -0.971  2.3326 8.5293 0
0.0000 0.2393 -0.9709  0.000 0.239 -0.971  0.5000 8.7357 0
-0.0533 0.2333 -0.9709  -0.053 0.233 -0.971  -1.3326 8.5293 0
-0.1038 0.2156 -0.9709  -0.104 0.216 -0.971  -3.0734 7.9201 0
-0.1492 0.1871 -0.9709  -0.149 0.187 -0.971  -4.6349 6.9390 0
-0.1871 0.1492 -0.9709  -0.187 0.149 -0.971  -5.9390 5.6349 0
-0.2156 0.1038 -0.9709  -0.216 0.104 -0.971  -6.9201 4.0734 0
-0.2333 0.0533 -0.9709  -0.233 0.053 -0.971  -7.5293 2.3326 0
-0.2393 0.0000 -0.9709  -0.239 0.000 -0.971  -7.7357 0.5000 0
-0.2333 -0.0533 -0.9709  -0.233 -0.053 -0.971  -7.5293 -1.3326 0
-0.2156 -0.1038 -0.9709  -0.216 -0.104 -0.971  -6.9201 -3.0734 0
-0.1871 -0.1492 -0.9709  -0.187 -0.149 -0.971  -5.9390 -4.6349 0
-0.1492 -0.1871 -0.9709  -0.149 -0.187 -0.971  -4.6349 -5.9390 0
-0.1038 -0.2156 -0.9709  -0.104 -0.216 -0.971  -3.0734 -6.9201 0
-0.0533 -0.2333 -0.9709  -0.053 -0.233 -0.971  -1.3326 -7.5293 0
0.0000 -0.2393 -0.9709  0.000 -0.239 -0.971  0.5000 -7.7357 0
0.0533 -0.2333 -0.9709  0.053 -0.233 -0.971  2.3326 -7.5293 0
0.1038 -0.2156 -0.9709  0.104 -0.216 -0.971  4.0734 -6.9201 0
0.1492 -0.1871 -0.9709  0.149 -0.187 -0.971  5.6349 -5.9390 0
0.1871 -0.1492 -0.9709  0.187 -0.149 -0.971  6.9390 -4.6349 0
0.2156 -0.1038 -0.9709  0.216 -0.104 -0.971  7.9201 -3.0734 0
0.2333 -0.0533 -0.9709  0.233 -0.053 -0.971  8.5293 -1.3326 0
0.2393 0.0000 -0.9709  0.239 0.000 -0.971  8.7357 0.5000 0

0.0000 0.0000 -1.0000  0.000 0.000 -1.000  0.5000 0.5000 0
0.0000 0.0000 -1.0000  0.000 0.000 -1.000  0.5000 0.5000 0
0.0000 0.0000 -1.0000  0.000 0.000 -1.000  0.5000 0.5000 0
0.0000 0.0000 -1.0000  0.000 0.000 -1.000  0.5000 0.5000 0
0.0000 0.0000 -1.0000  0.000 0.000 -1.000  0.5000 0.5000 0
0.0000 0.0000 -1.0000  0.000 0.000 -1.000  0.5000 0.5000 0
0.0000 0.0000 -1.0000  0.000 0.000 -1.000  0.5000 0.5000 0
0.0000 0.0000 -1.0000  0.000 0.000 -1.000  0.5000 0.5000 0
0.0000 0.0000 -1.0000  0.000 0.000 -1.000  0.5000 0.5000 0
0.0000 0.0000 -1.0000  0.000 0.000 -1.000  0.5000 0.5000 0
0.0000 0.0000 -1.0000  0.000 0.000 -1.000  0.5000 0.5000 0
0.0000 0.0000 -1.0000  0.000 0.000 -1.000  0.5000 0.5000 0
0.0000 0.0000 -1.0000  0.000 0.000 -1.000  0.5000 0.5000 0
0.0000 0.0000 -1.0000  0.000 0.000 -1.000  0.5000 0.5000 0
0.0000 0.0000 -1.0000  0.000 0.000 -1.000  0.5000 0.5000 0
0.0000 0.0000 -1.0000  0.000 0.000 -1.000  0.5000 0.5000 0
0.0000 0.0000 -1.0000  0.000 0.000 -1.000  0.5000 0.5000 0
0.0000 0.0000 -1.0000  0.000 0.000 -1.000  0.5000 0.5000 0
0.0000 0.0000 -1.0000  0.000 0.000 -1.000  0.5000 0.5000 0
0.0000 0.0000 -1.0000  0.000 0.000 -1.000  0.5000 0.5000 0
0.0000 0.0000 -1.0000  0.000 0.000 -1.000  0.5000 0.5000 0
0.0000 0.0000 -1.0000  0.000 0.000 -1.000  0.5000 0.5000 0
0.0000 0.0000 -1.0000  0.000 0.000 -1.000  0.5000 0.5000 0
0.0000 0.0000 -1.0000  0.000 0.000 -1.000  0.5000 0.5000 0
0.0000 0.0000 -1.0000  0.000 0.000 -1.000  0.5000 0.5000 0
0.0000 0.0000 -1.0000  0.000 0.000 -1.000  0.5000 0.5000 0
0.0000 0.0000 -1.0000  0.000 0.000 -1.000  0.5000 0.5000 0
0.0000 0.0000 -1.0000  0.000 0.000 -1.000  0.5000 0.5000 0
0.0000 0.0000 -1.0000  0.000 0.000 -1.000  0.5000 0.5000 0

